8715.0 11629.788732394367
3373.0 10357.663366336634
3373.0 9457.772277227723
3373.0 8767.366336633664
3373.0 7333.0
6223.0 7247.990099009901
2995.0 6412.772277227723
2995.0 6291.039603960396
2812.0 6136.821782178218
2812.0 6244.792079207921
2812.0 6146.990099009901
2812.0 4949.970297029703
2812.0 5024.316831683168
3027.0 4381.227722772277
1828.0 4202.475247524752
1586.0 4189.3564356435645
1586.0 4357.465346534654
1586.0 4216.514851485149
1060.0 3935.128712871287
1060.0 4139.247524752475
1060.0 3643.920792079208
1060.0 3833.70297029703
1060.0 3666.0495049504952
1060.0 3152.5544554455446
1060.0 2879.29702970297
1060.0 2690.6039603960394
1060.0 2662.3564356435645
1060.0 2313.237623762376
1060.0 1984.2772277227723
1060.0 1971.2079207920792
734.0 1841.3465346534654
734.0 2052.3564356435645
734.0 1994.3267326732673
734.0 1913.980198019802
734.0 1612.1386138613861
734.0 1676.5940594059407
911.0 1683.6534653465346
911.0 1814.4059405940593
911.0 1664.2673267326732
702.0 1476.148514851485
743.0 1608.3861386138615
743.0 1788.2277227722773
743.0 1784.4158415841584
743.0 1619.069306930693
743.0 1717.1683168316831
743.0 1601.4752475247524
743.0 1757.019801980198
743.0 1410.6138613861385
743.0 1362.3762376237623
743.0 1227.7920792079208
743.0 1245.5049504950496
743.0 1324.5049504950496
743.0 1435.2277227722773
743.0 1379.1881188118812
743.0 1369.90099009901
743.0 1202.5247524752476
743.0 1227.2178217821781
743.0 1180.7326732673268
743.0 1442.5742574257426
743.0 1404.8217821782177
743.0 1299.3465346534654
743.0 1184.5643564356435
743.0 1185.5544554455446
597.0 1545.079207920792
597.0 1784.5841584158416
597.0 1338.881188118812
597.0 1660.881188118812
597.0 1851.990099009901
597.0 1726.6039603960396
597.0 1392.3465346534654
597.0 1308.990099009901
597.0 1270.3762376237623
597.0 1368.6039603960396
597.0 1010.9009900990098
597.0 1074.7326732673268
597.0 1378.3762376237623
597.0 1364.5841584158416
597.0 1307.6831683168316
574.0 1453.5544554455446
574.0 1658.5940594059407
376.0 1433.2079207920792
376.0 1489.2178217821781
376.0 1472.5346534653465
376.0 1444.6237623762377
376.0 1700.5148514851485
376.0 1512.7425742574258
454.0 1401.8316831683169
454.0 1113.2673267326732
454.0 1416.3168316831684
454.0 1249.0594059405942
333.0 1123.049504950495
333.0 1411.5049504950496
333.0 1382.079207920792
333.0 1197.8613861386139
333.0 992.3465346534654
333.0 1081.7623762376238
333.0 1218.5445544554455
333.0 1203.3168316831684
333.0 1636.6930693069307
333.0 1349.3960396039604
333.0 1149.1980198019803
333.0 1142.3366336633662
333.0 1023.8514851485148
333.0 837.6435643564356
333.0 950.1980198019802
333.0 871.6237623762377
333.0 943.5247524752475
333.0 1136.7227722772277
333.0 1046.920792079208
333.0 1126.1782178217823
333.0 1241.2673267326732
333.0 1032.6435643564357
333.0 1112.950495049505
333.0 1088.4653465346535
333.0 1274.3465346534654
333.0 1272.1683168316831
333.0 1359.5643564356435
333.0 1141.2178217821781
333.0 1116.8217821782177
333.0 1202.8118811881188
333.0 1185.4851485148515
333.0 1250.7326732673268
333.0 1261.8415841584158
333.0 1101.5742574257426
333.0 1190.1287128712872
333.0 1039.1683168316831
333.0 1382.0891089108911
333.0 1356.2475247524753
333.0 1143.90099009901
333.0 1254.079207920792
333.0 950.2079207920792
333.0 871.039603960396
333.0 847.950495049505
333.0 1143.950495049505
333.0 1095.039603960396
333.0 1038.5841584158416
333.0 1023.3564356435644
333.0 1098.2574257425742
333.0 902.5445544554456
333.0 1075.1980198019803
333.0 1267.6336633663366
333.0 1308.4059405940593
333.0 1320.4257425742574
333.0 1234.1386138613861
333.0 1436.4455445544554
333.0 1419.8316831683169
333.0 1324.3267326732673
333.0 1200.7722772277227
268.0 932.5742574257425
268.0 1225.5049504950496
268.0 960.940594059406
268.0 1058.5940594059407
268.0 1040.6039603960396
268.0 1234.029702970297
268.0 1031.2376237623762
268.0 1065.90099009901
230.0 948.9207920792079
230.0 791.3762376237623
230.0 1358.4455445544554
230.0 1142.6534653465346
230.0 1049.8712871287128
230.0 925.3168316831683
230.0 1053.6831683168316
230.0 1011.8613861386139
230.0 907.6732673267327
230.0 1220.019801980198
230.0 1189.3564356435643
230.0 1085.0594059405942
230.0 872.1683168316831
230.0 987.5742574257425
230.0 1058.6831683168316
230.0 824.2673267326733
230.0 913.2079207920792
230.0 892.2574257425742
230.0 1143.049504950495
230.0 1081.851485148515
230.0 1384.5841584158416
230.0 1500.2871287128712
230.0 1731.7029702970297
230.0 1220.09900990099
230.0 708.2376237623762
230.0 1236.4950495049504
230.0 1144.3366336633662
230.0 1116.2277227722773
230.0 913.8910891089109
230.0 735.950495049505
230.0 743.039603960396
230.0 997.4059405940594
230.0 861.7227722772277
230.0 908.7326732673267
230.0 976.0891089108911
230.0 1164.029702970297
230.0 1018.5940594059406
230.0 1125.970297029703
230.0 1441.7524752475247
230.0 1416.3366336633662
230.0 1306.4653465346535
230.0 841.5247524752475
230.0 989.9306930693069
230.0 1118.1287128712872
230.0 1079.148514851485
230.0 1108.6831683168316
230.0 1124.2772277227723
230.0 969.3564356435644
230.0 787.2574257425742
230.0 963.3564356435644
230.0 1003.2079207920792
233.0 1045.2079207920792
233.0 860.6732673267327
233.0 1018.960396039604
233.0 877.8118811881188
233.0 1066.4554455445545
233.0 1415.4059405940593
233.0 1305.8613861386139
233.0 1263.2772277227723
233.0 1022.1287128712871
233.0 974.8415841584158
233.0 1120.7128712871288
233.0 1095.3663366336634
233.0 1187.7920792079208
233.0 1082.2376237623762
233.0 585.7425742574258
233.0 893.0990099009902
233.0 1142.1089108910892
233.0 841.3465346534654
233.0 806.5742574257425
233.0 1044.990099009901
233.0 1233.7326732673268
233.0 1105.6237623762377
233.0 1141.3861386138615
233.0 1102.3861386138615
233.0 888.9108910891089
233.0 1000.4653465346535
233.0 924.4554455445544
233.0 715.3069306930693
233.0 689.0990099009902
233.0 887.9108910891089
233.0 1136.5445544554455
233.0 1138.7425742574258
233.0 1004.6633663366337
233.0 1239.7425742574258
233.0 1141.6138613861385
233.0 984.4455445544554
233.0 1163.6633663366338
233.0 1217.2673267326732
233.0 923.1980198019802
233.0 882.6633663366337
233.0 871.4851485148515
233.0 1093.7920792079208
233.0 1145.9405940594058
233.0 1419.148514851485
233.0 813.3267326732673
233.0 953.4059405940594
233.0 1349.5544554455446
233.0 1163.2871287128712
233.0 944.3366336633663
233.0 1040.990099009901
233.0 821.5544554455446
233.0 627.2376237623762
233.0 776.4653465346535
233.0 913.9009900990098
233.0 878.9108910891089
233.0 872.5049504950495
233.0 1118.069306930693
233.0 1071.7227722772277
185.0 917.6435643564356
185.0 908.6138613861386
185.0 843.4257425742575
185.0 925.6732673267327
185.0 904.3762376237623
185.0 718.4158415841584
185.0 844.5247524752475
185.0 1029.8910891089108
185.0 864.059405940594
185.0 615.2277227722773
185.0 700.4851485148515
185.0 1136.3465346534654
185.0 734.009900990099
185.0 1319.6732673267327
185.0 1016.6435643564356
185.0 944.6039603960396
185.0 1039.5346534653465
185.0 727.8910891089109
185.0 866.5247524752475
185.0 828.9108910891089
185.0 702.3069306930693
185.0 846.8316831683169
185.0 1185.1386138613861
185.0 1043.7722772277227
185.0 1159.1089108910892
185.0 1243.09900990099
185.0 1199.90099009901
185.0 1146.881188118812
185.0 758.3465346534654
185.0 911.0792079207921
185.0 863.6831683168317
185.0 1008.0
185.0 1055.960396039604
185.0 925.8415841584158
185.0 680.019801980198
185.0 926.3762376237623
185.0 984.0891089108911
185.0 759.3762376237623
185.0 1100.0
185.0 1124.920792079208
185.0 1046.0891089108911
185.0 804.2079207920792
185.0 882.3762376237623
185.0 782.1188118811881
185.0 1054.8415841584158
185.0 1122.0891089108911
185.0 1259.4851485148515
185.0 1102.6930693069307
185.0 941.3168316831683
184.0 746.8811881188119
184.0 924.990099009901
184.0 854.3861386138614
184.0 907.2772277227723
184.0 769.7821782178218
184.0 642.4059405940594
184.0 821.9702970297029
184.0 1065.5049504950496
184.0 753.7128712871287
184.0 726.6633663366337
184.0 965.0297029702971
184.0 1014.0990099009902
184.0 950.940594059406
184.0 868.1287128712871
184.0 1025.079207920792
184.0 992.6435643564356
184.0 1006.2871287128713
184.0 865.2970297029703
184.0 951.0891089108911
184.0 1206.5247524752476
184.0 1091.5148514851485
184.0 1135.4752475247524
184.0 1096.3663366336634
184.0 800.960396039604
184.0 899.7524752475248
184.0 855.7920792079208
184.0 816.2376237623762
184.0 735.049504950495
184.0 789.7425742574258
184.0 529.7821782178218
184.0 431.33663366336634
184.0 1178.8415841584158
184.0 1260.7425742574258
184.0 1121.0594059405942
184.0 893.039603960396
184.0 1094.069306930693
184.0 1099.0891089108911
184.0 919.2376237623762
184.0 780.6633663366337
184.0 832.990099009901
184.0 987.3861386138614
184.0 919.2178217821782
184.0 870.1188118811881
184.0 835.0990099009902
184.0 784.0990099009902
184.0 963.3267326732673
184.0 805.4752475247525
184.0 1320.5247524752476
184.0 1370.8217821782177
184.0 1106.079207920792
184.0 896.1287128712871
184.0 776.0891089108911
184.0 815.9702970297029
184.0 1008.1980198019802
184.0 957.8514851485148
184.0 851.7623762376238
184.0 985.2178217821782
184.0 901.8415841584158
184.0 1122.4851485148515
184.0 1107.6336633663366
184.0 1096.3564356435643
184.0 1187.2475247524753
184.0 1181.6534653465346
184.0 834.980198019802
184.0 656.7920792079208
184.0 596.7326732673267
184.0 851.3465346534654
184.0 967.8613861386139
184.0 981.4752475247525
184.0 925.5148514851485
184.0 697.8217821782179
184.0 818.5544554455446
184.0 1170.1287128712872
184.0 1250.990099009901
184.0 1107.7425742574258
184.0 1391.7524752475247
184.0 1100.5643564356435
184.0 1278.6039603960396
184.0 924.5544554455446
184.0 1207.960396039604
184.0 1270.8217821782177
184.0 1194.3564356435643
184.0 918.4257425742575
184.0 872.2871287128713
184.0 982.6732673267327
184.0 1155.6435643564357
184.0 1205.5049504950496
184.0 1068.2079207920792
184.0 1075.5247524752476
184.0 1163.8217821782177
184.0 1465.8910891089108
184.0 1314.029702970297
184.0 1405.2178217821781
184.0 1324.920792079208
184.0 1526.148514851485
184.0 941.9009900990098
184.0 1192.009900990099
184.0 903.7524752475248
184.0 1027.3762376237623
184.0 1301.8712871287128
184.0 864.9108910891089
184.0 1078.2178217821781
184.0 996.1584158415842
184.0 930.2079207920792
184.0 1108.8712871287128
184.0 891.049504950495
184.0 936.4356435643564
184.0 929.0990099009902
184.0 1041.2475247524753
184.0 901.3267326732673
184.0 875.5049504950495
184.0 830.7425742574258
184.0 961.4653465346535
184.0 1158.4851485148515
184.0 988.6435643564356
184.0 842.9306930693069
184.0 1113.5346534653465
184.0 1056.9108910891089
184.0 963.8118811881188
184.0 855.4950495049505
184.0 926.1386138613861
184.0 868.7821782178218
184.0 920.1089108910891
184.0 648.6831683168317
184.0 933.4752475247525
184.0 686.6039603960396
184.0 820.8118811881188
184.0 768.0891089108911
184.0 938.0792079207921
184.0 953.3168316831683
182.0 917.039603960396
182.0 956.8118811881188
182.0 873.5742574257425
182.0 999.6336633663366
182.0 1093.6831683168316
182.0 1092.3168316831684
182.0 1166.6633663366338
182.0 1060.3366336633662
182.0 1078.4059405940593
182.0 891.4950495049505
182.0 664.5643564356436
182.0 902.6732673267327
182.0 811.009900990099
182.0 988.4653465346535
182.0 761.1881188118812
182.0 751.4653465346535
182.0 842.7227722772277
182.0 1013.8712871287129
182.0 1099.930693069307
182.0 1149.0
182.0 1107.7821782178219
182.0 1170.1089108910892
182.0 1105.4752475247524
182.0 1158.8712871287128
182.0 1011.3267326732673
182.0 1119.6930693069307
182.0 941.9108910891089
182.0 678.5940594059406
182.0 804.4950495049505
182.0 792.3663366336634
182.0 595.7326732673267
182.0 734.990099009901
182.0 832.1881188118812
182.0 782.9108910891089
182.0 796.6138613861386
182.0 806.8811881188119
182.0 1101.1782178217823
182.0 1017.9009900990098
182.0 918.990099009901
182.0 1058.3861386138615
182.0 1162.8316831683169
182.0 1066.9405940594058
182.0 1053.3267326732673
182.0 1262.970297029703
182.0 1259.019801980198
182.0 1046.5643564356435
182.0 922.6237623762377
182.0 1004.6534653465346
182.0 866.0297029702971
182.0 1257.3663366336634
182.0 1141.7425742574258
182.0 739.7128712871287
182.0 944.3366336633663
182.0 940.0693069306931
182.0 1206.2376237623762
182.0 1446.4752475247524
182.0 1376.6237623762377
182.0 1242.5445544554455
182.0 1473.009900990099
182.0 1252.3168316831684
182.0 1255.2277227722773
182.0 626.4356435643564
182.0 735.3267326732673
182.0 848.6930693069307
182.0 764.2277227722773
182.0 935.8217821782179
182.0 812.1881188118812
182.0 1091.970297029703
182.0 1038.5049504950496
182.0 877.8019801980198
182.0 829.1386138613861
182.0 739.6435643564356
182.0 907.4455445544554
182.0 959.8118811881188
182.0 1017.6534653465346
182.0 848.3960396039604
182.0 768.7623762376238
182.0 856.7128712871287
181.0 1007.4752475247525
181.0 858.6237623762377
181.0 686.1782178217821
181.0 1290.2277227722773
181.0 1199.6633663366338
181.0 617.6732673267327
181.0 1006.9702970297029
181.0 1023.5445544554456
181.0 975.6138613861386
181.0 1220.7128712871288
181.0 1072.029702970297
181.0 787.980198019802
181.0 711.6237623762377
181.0 648.5742574257425
181.0 940.8712871287129
181.0 839.9702970297029
181.0 1088.2574257425742
181.0 1196.1089108910892
181.0 1119.0594059405942
181.0 1113.6633663366338
181.0 1075.5940594059407
181.0 899.990099009901
181.0 1076.3069306930693
181.0 1249.7821782178219
181.0 899.7920792079208
181.0 767.4356435643564
181.0 1129.3465346534654
181.0 879.6237623762377
181.0 876.6336633663366
181.0 905.6435643564356
181.0 737.2673267326733
181.0 1061.4950495049504
181.0 1267.049504950495
181.0 1328.6534653465346
181.0 1360.8613861386139
181.0 1171.0594059405942
180.0 1297.1287128712872
180.0 1238.148514851485
180.0 1158.980198019802
180.0 914.3267326732673
180.0 1050.6435643564357
180.0 1238.1782178217823
180.0 861.6435643564356
180.0 1018.1485148514852
180.0 962.1287128712871
180.0 973.8613861386139
180.0 1223.4356435643565
180.0 1238.950495049505
180.0 1054.3762376237623
180.0 1314.5940594059407
180.0 972.8514851485148
180.0 780.9108910891089
180.0 819.6732673267327
180.0 1075.0594059405942
180.0 953.7029702970297
180.0 821.5148514851485
180.0 769.5346534653465
180.0 919.3069306930693
180.0 899.1683168316831
180.0 1047.148514851485
180.0 796.2178217821782
180.0 887.7722772277227
180.0 636.0792079207921
180.0 878.5445544554456
180.0 724.6435643564356
180.0 727.6039603960396
180.0 851.4653465346535
180.0 1255.5841584158416
180.0 858.7425742574258
180.0 783.7524752475248
180.0 726.6633663366337
180.0 805.0792079207921
180.0 638.940594059406
180.0 895.5445544554456
180.0 859.4158415841584
180.0 917.5148514851485
180.0 927.1782178217821
180.0 976.9108910891089
180.0 964.8316831683169
180.0 821.4752475247525
180.0 690.2475247524752
180.0 859.2871287128713
180.0 763.9306930693069
180.0 812.8316831683169
180.0 945.8019801980198
180.0 1106.118811881188
180.0 745.7029702970297
180.0 1009.4455445544554
180.0 1207.7920792079208
180.0 1125.2772277227723
180.0 1017.7029702970297
180.0 942.8217821782179
180.0 1049.1980198019803
180.0 1103.6336633663366
180.0 760.960396039604
180.0 1385.5049504950496
180.0 1234.2871287128712
180.0 1051.3861386138615
180.0 1206.6732673267327
180.0 1057.079207920792
180.0 833.6534653465346
180.0 1275.7326732673268
180.0 1099.6633663366338
180.0 891.4653465346535
180.0 1381.3267326732673
180.0 1111.7524752475247
180.0 829.3762376237623
180.0 881.2970297029703
180.0 868.8019801980198
180.0 957.2178217821782
180.0 977.4950495049505
180.0 1097.1089108910892
180.0 943.7920792079208
180.0 887.3564356435644
180.0 601.5148514851485
180.0 709.950495049505
180.0 900.5742574257425
180.0 958.9306930693069
180.0 1030.2970297029703
180.0 895.4653465346535
180.0 999.059405940594
180.0 1283.7227722772277
180.0 1063.5841584158416
180.0 1031.6732673267327
178.0 972.6930693069307
178.0 829.8217821782179
178.0 855.4059405940594
178.0 819.1287128712871
178.0 1206.7029702970297
178.0 1190.1782178217823
178.0 1013.3168316831683
178.0 1055.009900990099
178.0 1268.2178217821781
178.0 1277.970297029703
178.0 1121.3861386138615
178.0 950.4950495049505
178.0 1212.7722772277227
178.0 1047.7227722772277
178.0 972.6633663366337
178.0 908.4257425742575
178.0 980.2970297029703
178.0 965.6336633663366
178.0 1131.1881188118812
178.0 918.3960396039604
178.0 988.6633663366337
178.0 896.4752475247525
178.0 899.4851485148515
178.0 681.039603960396
178.0 680.8415841584158
178.0 935.5841584158416
178.0 693.6039603960396
178.0 794.3762376237623
178.0 938.2574257425742
178.0 1069.5643564356435
178.0 860.019801980198
178.0 993.5940594059406
178.0 877.2079207920792
178.0 723.3465346534654
178.0 863.4257425742575
178.0 811.8316831683169
178.0 764.3465346534654
178.0 768.6138613861386
178.0 932.009900990099
178.0 865.990099009901
178.0 910.980198019802
178.0 868.3267326732673
178.0 968.4554455445544
178.0 1184.7029702970297
178.0 872.960396039604
178.0 816.3069306930693
178.0 842.3069306930693
178.0 928.7821782178218
178.0 830.8613861386139
178.0 1178.2574257425742
178.0 1041.049504950495
178.0 821.7524752475248
178.0 998.6336633663366
178.0 1098.3465346534654
178.0 845.1287128712871
178.0 923.3564356435644
178.0 745.2871287128713
178.0 913.2772277227723
178.0 601.4356435643564
178.0 1047.09900990099
178.0 842.1980198019802
178.0 916.2079207920792
178.0 1075.1683168316831
178.0 1107.1881188118812
178.0 995.2376237623762
178.0 728.3069306930693
178.0 830.5643564356436
178.0 749.8217821782179
178.0 785.5148514851485
178.0 1081.1782178217823
178.0 867.1188118811881
178.0 957.1089108910891
178.0 807.2376237623762
178.0 856.8217821782179
178.0 1217.2871287128712
178.0 894.6138613861386
178.0 700.3366336633663
178.0 766.5544554455446
178.0 1028.3069306930693
178.0 1032.118811881188
178.0 611.1881188118812
178.0 745.960396039604
178.0 794.5049504950495
178.0 677.6237623762377
178.0 935.7920792079208
178.0 840.3267326732673
178.0 1004.1683168316831
178.0 1058.7524752475247
178.0 847.7920792079208
178.0 978.950495049505
178.0 962.6336633663366
178.0 821.960396039604
178.0 1229.8613861386139
178.0 1026.7425742574258
178.0 851.2277227722773
178.0 851.3861386138614
178.0 886.0
178.0 996.2277227722773
178.0 1024.5643564356435
178.0 1138.5445544554455
178.0 1063.3465346534654
178.0 823.3663366336634
178.0 1014.4851485148515
178.0 857.3366336633663
178.0 690.1089108910891
178.0 850.2475247524752
178.0 736.3564356435644
178.0 663.0792079207921
178.0 1115.2871287128712
178.0 1035.6831683168316
178.0 1009.6237623762377
178.0 1103.1584158415842
178.0 725.2376237623762
178.0 836.2970297029703
178.0 1096.9108910891089
178.0 1099.9405940594058
178.0 823.8613861386139
178.0 918.0297029702971
178.0 881.980198019802
178.0 826.2673267326733
178.0 741.1386138613861
178.0 554.8811881188119
178.0 995.3465346534654
178.0 1352.0891089108911
178.0 1125.930693069307
178.0 1184.7722772277227
178.0 994.8712871287129
178.0 806.039603960396
178.0 872.4950495049505
178.0 701.3069306930693
178.0 996.5346534653465
178.0 851.3267326732673
178.0 766.2178217821782
154.0 1177.2376237623762
154.0 1080.980198019802
154.0 919.5742574257425
154.0 820.9207920792079
154.0 909.2574257425742
154.0 703.8811881188119
154.0 859.4752475247525
154.0 1056.6336633663366
154.0 1016.3663366336634
154.0 729.3762376237623
154.0 728.7425742574258
154.0 663.4752475247525
154.0 734.2178217821782
154.0 730.4752475247525
154.0 994.0693069306931
154.0 764.980198019802
154.0 842.3762376237623
154.0 1077.7227722772277
154.0 1018.3366336633663
154.0 1200.6039603960396
154.0 1096.7920792079208
154.0 881.960396039604
154.0 973.0792079207921
154.0 905.5742574257425
154.0 985.9306930693069
154.0 1302.3663366336634
154.0 1232.920792079208
154.0 980.5346534653465
154.0 665.8712871287129
154.0 837.4752475247525
154.0 976.8811881188119
154.0 838.8217821782179
154.0 748.6336633663366
154.0 552.4851485148515
154.0 876.1485148514852
154.0 824.1485148514852
154.0 967.4950495049505
154.0 1132.4554455445545
154.0 943.5742574257425
154.0 697.4653465346535
154.0 910.5742574257425
154.0 1035.3762376237623
154.0 978.0990099009902
154.0 902.4356435643564
154.0 871.4554455445544
154.0 1104.2574257425742
154.0 1018.1386138613861
154.0 1040.7227722772277
154.0 1204.2871287128712
154.0 1166.5346534653465
154.0 1284.1089108910892
154.0 944.1188118811881
154.0 864.5148514851485
154.0 988.1089108910891
154.0 1080.8316831683169
154.0 994.5049504950495
154.0 808.9306930693069
154.0 774.8514851485148
154.0 930.8316831683169
154.0 793.1782178217821
154.0 738.1485148514852
154.0 852.3465346534654
154.0 951.6534653465346
154.0 980.1188118811881
154.0 1019.2079207920792
154.0 825.4554455445544
154.0 918.6930693069307
154.0 785.1782178217821
154.0 855.3267326732673
154.0 455.3168316831683
63.0 963.0990099009902
63.0 773.6831683168317
63.0 962.7920792079208
63.0 1001.5049504950495
63.0 1231.7227722772277
63.0 662.980198019802
63.0 849.6039603960396
63.0 1018.7623762376238
63.0 885.1683168316831
63.0 1065.009900990099
63.0 839.8514851485148
63.0 986.6930693069307
63.0 775.5346534653465
63.0 722.990099009901
63.0 699.1980198019802
63.0 694.1683168316831
63.0 853.1980198019802
63.0 1112.3762376237623
63.0 870.1287128712871
63.0 848.7920792079208
63.0 1146.4158415841584
63.0 867.3465346534654
63.0 887.7623762376238
63.0 684.950495049505
63.0 600.3564356435644
63.0 779.9108910891089
63.0 1172.6039603960396
63.0 798.5049504950495
63.0 467.36633663366337
63.0 813.3168316831683
63.0 1195.4554455445545
63.0 1158.039603960396
63.0 828.019801980198
63.0 699.1782178217821
63.0 647.5643564356436
63.0 1172.5049504950496
63.0 764.8910891089109
63.0 1137.4554455445545
63.0 1003.2277227722773
63.0 1092.6039603960396
63.0 1101.0
63.0 741.0891089108911
63.0 678.8415841584158
63.0 564.0792079207921
63.0 717.9108910891089
63.0 642.0693069306931
63.0 723.7227722772277
63.0 793.0792079207921
63.0 872.6039603960396
63.0 879.6237623762377
63.0 997.4950495049505
63.0 836.1188118811881
63.0 613.7128712871287
63.0 798.8910891089109
63.0 921.5148514851485
63.0 930.5742574257425
63.0 911.7425742574258
63.0 734.2178217821782
63.0 925.1980198019802
63.0 929.3960396039604
63.0 1044.9405940594058
63.0 1059.7821782178219
63.0 1199.1584158415842
63.0 1162.9405940594058
63.0 1094.8118811881188
63.0 960.5346534653465
63.0 882.6534653465346
63.0 762.8514851485148
63.0 1029.2376237623762
63.0 1179.2772277227723
63.0 1146.3960396039604
63.0 845.2772277227723
63.0 686.1881188118812
63.0 1066.6435643564357
63.0 1101.7623762376238
63.0 935.2277227722773
63.0 914.8217821782179
63.0 817.6930693069307
63.0 1059.09900990099
63.0 1025.118811881188
63.0 818.5049504950495
63.0 937.1980198019802
63.0 772.6039603960396
63.0 925.0693069306931
63.0 840.7029702970297
63.0 621.0792079207921
63.0 830.9702970297029
63.0 735.0297029702971
63.0 1070.6732673267327
63.0 871.3267326732673
63.0 817.8118811881188
63.0 835.7326732673267
63.0 1043.930693069307
64.0 779.6930693069307
64.0 793.8910891089109
64.0 1050.1683168316831
64.0 1190.5643564356435
64.0 967.3465346534654
64.0 866.8811881188119
64.0 829.1881188118812
64.0 760.019801980198
64.0 775.1782178217821
64.0 561.6237623762377
64.0 852.9702970297029
64.0 929.3960396039604
64.0 840.8811881188119
64.0 838.3168316831683
64.0 922.7623762376238
64.0 1035.8118811881188
64.0 872.8910891089109
64.0 700.2772277227723
64.0 737.5346534653465
64.0 791.0
64.0 531.3267326732673
64.0 798.1188118811881
64.0 895.9207920792079
64.0 636.5346534653465
64.0 786.4257425742575
64.0 1252.4356435643565
64.0 720.0693069306931
64.0 520.7623762376238
64.0 585.8019801980198
64.0 680.5940594059406
64.0 789.5841584158416
64.0 929.1584158415842
64.0 700.3960396039604
64.0 553.3762376237623
64.0 646.4158415841584
64.0 655.8316831683169
64.0 775.0297029702971
64.0 1006.1881188118812
64.0 872.7920792079208
64.0 1061.7425742574258
64.0 752.1386138613861
64.0 778.6831683168317
64.0 846.0
64.0 611.8316831683169
64.0 682.8118811881188
64.0 825.0
64.0 781.7623762376238
64.0 1224.5445544554455
64.0 1076.3168316831684
64.0 889.4950495049505
64.0 1166.0
64.0 1063.0891089108911
64.0 1018.8613861386139
64.0 957.6633663366337
64.0 757.1485148514852
64.0 1058.6039603960396
64.0 651.8514851485148
64.0 851.9009900990098
