4982.0 11517.94366197183
4982.0 9731.277227722772
4818.0 8429.039603960397
4818.0 8228.663366336634
4536.0 7442.960396039604
2995.0 6628.257425742574
3554.0 6187.742574257426
2489.0 5915.178217821782
2489.0 5659.702970297029
2120.0 5476.782178217822
2120.0 5430.792079207921
2120.0 5307.693069306931
2457.0 4783.158415841584
2457.0 4591.495049504951
2457.0 4486.346534653465
2457.0 4516.792079207921
2457.0 4732.306930693069
2457.0 4100.970297029703
2457.0 4178.831683168317
2457.0 4111.277227722772
1345.0 3910.8514851485147
1345.0 3571.009900990099
1345.0 3085.5940594059407
1635.0 2772.069306930693
1232.0 2502.871287128713
1143.0 2555.267326732673
1143.0 2428.3267326732675
1193.0 2256.237623762376
1193.0 2066.5247524752476
1071.0 2009.2970297029703
1071.0 1854.6039603960396
1110.0 2097.089108910891
937.0 1947.3168316831684
674.0 2008.7821782178219
674.0 1766.2079207920792
674.0 1771.950495049505
717.0 1596.1881188118812
717.0 1640.3663366336634
717.0 1813.1089108910892
714.0 1625.4851485148515
714.0 1687.7524752475247
714.0 1536.990099009901
714.0 1439.8019801980197
714.0 1367.039603960396
714.0 1721.0891089108911
714.0 1325.4554455445545
714.0 1364.2376237623762
714.0 1351.4851485148515
526.0 1465.8217821782177
526.0 1528.8118811881188
526.0 1284.8712871287128
419.0 1281.5445544554455
419.0 1470.8217821782177
419.0 1621.5544554455446
419.0 1266.6633663366338
419.0 1389.7524752475247
419.0 1059.7326732673268
419.0 1340.079207920792
419.0 1444.950495049505
440.0 1572.8316831683169
440.0 1336.7029702970297
440.0 1468.7623762376238
440.0 1329.009900990099
440.0 1180.920792079208
440.0 1354.0891089108911
312.0 1260.8712871287128
312.0 1425.6633663366338
312.0 1292.90099009901
312.0 1074.8910891089108
312.0 1195.1881188118812
312.0 1022.1089108910891
312.0 1284.049504950495
312.0 1374.7029702970297
312.0 1105.8019801980197
312.0 1082.8316831683169
312.0 888.3861386138614
312.0 915.8514851485148
313.0 1077.3465346534654
287.0 1078.4554455445545
287.0 981.6039603960396
287.0 1232.0594059405942
287.0 852.049504950495
287.0 1007.1188118811881
287.0 1345.1584158415842
287.0 1306.8217821782177
287.0 1211.3861386138615
287.0 911.950495049505
287.0 1413.960396039604
287.0 1415.2871287128712
288.0 1030.7920792079208
288.0 1658.7722772277227
288.0 1295.930693069307
288.0 1143.950495049505
288.0 1126.7128712871288
288.0 1323.4950495049504
288.0 1206.8316831683169
288.0 948.7128712871287
288.0 1065.7227722772277
288.0 1048.950495049505
288.0 1181.3069306930693
288.0 1131.5247524752476
288.0 766.950495049505
288.0 1002.7821782178218
288.0 1020.8514851485148
288.0 1313.3069306930693
288.0 1095.90099009901
288.0 1456.6534653465346
288.0 1494.2277227722773
288.0 1298.4455445544554
288.0 1497.2574257425742
288.0 1451.8613861386139
288.0 1188.148514851485
288.0 1134.1782178217823
288.0 1493.7920792079208
288.0 1407.0594059405942
288.0 1155.9405940594058
279.0 1144.4851485148515
279.0 1065.950495049505
279.0 1222.980198019802
279.0 896.5148514851485
279.0 1061.3663366336634
279.0 863.8712871287129
279.0 866.5643564356436
279.0 979.7524752475248
279.0 933.980198019802
279.0 1168.881188118812
279.0 1014.049504950495
279.0 1240.881188118812
279.0 1081.019801980198
279.0 1297.8316831683169
279.0 904.0990099009902
279.0 1031.009900990099
279.0 1030.8019801980197
279.0 780.7623762376238
279.0 1083.1386138613861
279.0 1055.7227722772277
279.0 1281.8217821782177
279.0 1089.039603960396
279.0 1017.8514851485148
279.0 1182.5247524752476
279.0 1177.5445544554455
279.0 864.4455445544554
279.0 996.4356435643564
279.0 1319.3960396039604
279.0 1213.7029702970297
279.0 1089.1287128712872
279.0 1053.970297029703
279.0 934.8019801980198
279.0 836.5445544554456
279.0 938.7227722772277
279.0 970.5643564356436
279.0 1061.7524752475247
279.0 1174.09900990099
279.0 1316.1089108910892
279.0 1221.7227722772277
279.0 1309.6633663366338
279.0 1163.980198019802
279.0 1195.3564356435643
279.0 1169.2970297029703
279.0 1013.8613861386139
279.0 1107.8712871287128
279.0 1001.3168316831683
279.0 813.9108910891089
279.0 764.3465346534654
279.0 929.0891089108911
279.0 809.3564356435644
279.0 876.2475247524752
279.0 1267.7326732673268
279.0 1133.5841584158416
279.0 1194.4257425742574
279.0 1050.2970297029703
279.0 683.1485148514852
279.0 892.980198019802
279.0 815.4158415841584
279.0 908.1782178217821
279.0 677.2574257425742
279.0 924.059405940594
279.0 758.019801980198
279.0 1097.4554455445545
279.0 1262.8613861386139
279.0 1162.8415841584158
279.0 1286.960396039604
279.0 1113.8118811881188
279.0 904.6237623762377
279.0 1098.990099009901
279.0 1183.3168316831684
279.0 1015.2475247524752
279.0 1126.7821782178219
279.0 759.5445544554456
279.0 677.5940594059406
279.0 1023.980198019802
279.0 670.6831683168317
279.0 859.1980198019802
279.0 1082.2277227722773
279.0 1225.7821782178219
280.0 917.8217821782179
280.0 1085.5841584158416
280.0 923.1485148514852
280.0 736.7722772277227
280.0 842.990099009901
280.0 981.2970297029703
280.0 1007.950495049505
280.0 1020.7029702970297
280.0 1219.3465346534654
280.0 1103.2475247524753
280.0 1071.6336633663366
280.0 774.5148514851485
280.0 784.1485148514852
280.0 941.3663366336634
280.0 1185.6534653465346
280.0 887.039603960396
280.0 715.4455445544554
280.0 695.1881188118812
280.0 850.2970297029703
280.0 1040.5841584158416
280.0 978.4059405940594
280.0 1175.09900990099
280.0 1555.09900990099
280.0 1022.5841584158416
280.0 831.2376237623762
280.0 1192.6732673267327
280.0 1052.950495049505
280.0 952.8019801980198
280.0 1200.7623762376238
280.0 1620.4158415841584
280.0 938.2772277227723
280.0 820.3960396039604
280.0 985.6138613861386
280.0 907.7920792079208
280.0 983.2970297029703
280.0 839.940594059406
280.0 822.0
280.0 1000.2970297029703
280.0 986.940594059406
280.0 823.2673267326733
280.0 722.1089108910891
280.0 777.7722772277227
280.0 1280.1683168316831
280.0 1222.1782178217823
280.0 1137.9405940594058
280.0 991.009900990099
280.0 1434.8118811881188
280.0 1156.1881188118812
280.0 958.4257425742575
280.0 1037.0
280.0 1027.970297029703
280.0 947.1881188118812
280.0 1259.3366336633662
280.0 1093.90099009901
280.0 1055.019801980198
280.0 1030.7227722772277
280.0 1025.5742574257426
280.0 1167.8019801980197
280.0 1236.1089108910892
280.0 1085.90099009901
280.0 1191.980198019802
280.0 853.6237623762377
280.0 936.8712871287129
280.0 1067.1584158415842
280.0 1150.8712871287128
280.0 1232.3861386138615
255.0 1405.1683168316831
255.0 1469.4950495049504
255.0 1346.990099009901
255.0 987.6732673267327
255.0 757.9702970297029
255.0 1033.1584158415842
255.0 1149.5148514851485
255.0 858.2871287128713
255.0 996.8712871287129
255.0 1343.6534653465346
255.0 1568.5940594059407
255.0 1297.0594059405942
255.0 917.6831683168317
255.0 903.8316831683169
255.0 1068.5841584158416
255.0 1042.4356435643565
255.0 956.8613861386139
255.0 893.6732673267327
255.0 942.8019801980198
255.0 956.7326732673267
255.0 632.5940594059406
255.0 1010.0891089108911
255.0 953.8217821782179
255.0 1152.3069306930693
256.0 965.5841584158416
256.0 977.6831683168317
256.0 1064.029702970297
256.0 1230.2376237623762
256.0 1072.4059405940593
256.0 1175.6435643564357
256.0 1051.079207920792
256.0 1206.6237623762377
256.0 1211.1089108910892
256.0 1296.7821782178219
256.0 990.7920792079208
256.0 880.960396039604
256.0 1001.8415841584158
256.0 746.6930693069307
256.0 1052.7920792079208
256.0 1216.950495049505
256.0 1077.6435643564357
256.0 936.7821782178218
256.0 993.2772277227723
256.0 1223.039603960396
256.0 1057.990099009901
256.0 1257.920792079208
253.0 1510.7623762376238
253.0 1168.1584158415842
253.0 817.7326732673267
253.0 1216.6534653465346
254.0 1141.3861386138615
254.0 882.049504950495
254.0 1128.6138613861385
254.0 1349.2574257425742
254.0 1141.2475247524753
254.0 1196.851485148515
254.0 995.940594059406
254.0 1099.7821782178219
254.0 1090.6435643564357
254.0 1022.4455445544554
254.0 994.5445544554456
254.0 930.9306930693069
254.0 1333.4059405940593
254.0 906.9306930693069
254.0 1220.6138613861385
196.0 953.019801980198
196.0 882.6633663366337
196.0 1060.1089108910892
196.0 1121.5049504950496
196.0 1181.8217821782177
196.0 1027.1683168316831
196.0 1608.5940594059407
196.0 1291.09900990099
196.0 924.8811881188119
196.0 1123.7920792079208
196.0 1339.1683168316831
196.0 1201.1683168316831
197.0 1223.3564356435643
197.0 1083.6534653465346
197.0 1144.3366336633662
197.0 1135.4455445544554
197.0 1109.019801980198
197.0 1087.6831683168316
197.0 1274.2673267326732
197.0 1397.2970297029703
197.0 1155.2475247524753
197.0 1129.1782178217823
197.0 1194.1287128712872
197.0 829.5148514851485
197.0 918.7524752475248
197.0 968.6435643564356
197.0 645.3366336633663
197.0 1081.5940594059407
197.0 961.7227722772277
221.0 690.2277227722773
221.0 871.4059405940594
221.0 866.5247524752475
221.0 1014.6831683168317
221.0 956.019801980198
221.0 1422.8910891089108
221.0 1330.7227722772277
221.0 1166.980198019802
221.0 1147.1782178217823
221.0 986.4653465346535
221.0 991.940594059406
221.0 1048.5247524752476
221.0 942.8415841584158
221.0 1285.7623762376238
221.0 1156.5643564356435
221.0 1085.0
221.0 1240.2871287128712
221.0 639.4455445544554
221.0 678.8415841584158
221.0 706.6435643564356
221.0 838.2772277227723
221.0 903.9009900990098
221.0 697.2970297029703
221.0 826.5544554455446
221.0 1125.1386138613861
221.0 931.3663366336634
221.0 847.4257425742575
221.0 820.5049504950495
221.0 937.6039603960396
221.0 1119.3663366336634
221.0 1131.8217821782177
221.0 1274.6237623762377
221.0 1222.3366336633662
221.0 1062.5742574257426
221.0 1288.4257425742574
221.0 939.6732673267327
221.0 823.4851485148515
221.0 969.4950495049505
221.0 1057.2475247524753
221.0 831.2772277227723
221.0 816.2871287128713
221.0 1007.3069306930693
221.0 938.3564356435644
221.0 857.3168316831683
221.0 1096.8613861386139
221.0 923.1089108910891
221.0 938.7524752475248
221.0 918.1782178217821
221.0 891.3465346534654
221.0 774.1485148514852
221.0 923.2673267326733
221.0 817.1881188118812
221.0 663.4455445544554
221.0 758.3168316831683
221.0 834.5742574257425
221.0 761.4257425742575
221.0 1004.4158415841584
221.0 926.0990099009902
221.0 1006.6732673267327
221.0 987.940594059406
221.0 885.7128712871287
221.0 939.9207920792079
221.0 912.3267326732673
221.0 937.039603960396
221.0 1028.851485148515
221.0 907.8514851485148
221.0 973.2574257425742
221.0 875.5544554455446
221.0 922.990099009901
221.0 940.1089108910891
221.0 965.1980198019802
221.0 1256.4554455445545
221.0 921.8910891089109
221.0 1073.6039603960396
221.0 795.1089108910891
221.0 1007.6930693069307
221.0 726.6336633663366
221.0 926.0792079207921
221.0 717.5247524752475
221.0 781.8217821782179
221.0 817.5643564356436
221.0 1301.950495049505
221.0 1234.881188118812
221.0 1249.1386138613861
221.0 1216.8712871287128
221.0 967.3960396039604
221.0 946.0
221.0 689.4752475247525
221.0 560.1782178217821
221.0 825.3663366336634
221.0 1209.980198019802
221.0 1078.4356435643565
221.0 1132.90099009901
221.0 1044.3267326732673
221.0 975.4059405940594
221.0 1041.8118811881188
221.0 1043.2871287128712
221.0 866.8019801980198
221.0 1086.6336633663366
221.0 980.4455445544554
221.0 1251.7029702970297
221.0 1081.9405940594058
221.0 708.4950495049505
221.0 962.7722772277227
221.0 961.6435643564356
221.0 987.6930693069307
221.0 1187.3861386138615
221.0 1545.5247524752476
221.0 1034.8019801980197
221.0 997.7920792079208
221.0 997.2079207920792
206.0 868.940594059406
206.0 755.1188118811881
206.0 840.5049504950495
206.0 850.6831683168317
206.0 1057.6138613861385
206.0 863.7722772277227
206.0 925.3762376237623
206.0 1061.980198019802
206.0 1014.009900990099
206.0 999.1881188118812
206.0 899.7821782178218
206.0 954.5940594059406
206.0 936.8910891089109
206.0 897.5445544554456
206.0 928.1386138613861
206.0 1041.8217821782177
206.0 1053.3762376237623
206.0 1058.5445544554455
206.0 978.8217821782179
206.0 801.5049504950495
206.0 1038.4158415841584
206.0 995.1584158415842
206.0 1293.7920792079208
206.0 964.960396039604
206.0 829.3366336633663
206.0 970.3564356435644
206.0 1047.8415841584158
206.0 861.1188118811881
206.0 1065.8217821782177
206.0 1004.8316831683169
206.0 975.3960396039604
206.0 1103.4158415841584
173.0 979.1782178217821
173.0 1118.2178217821781
173.0 1087.09900990099
173.0 1187.6138613861385
173.0 1089.960396039604
173.0 1364.4455445544554
173.0 1299.148514851485
173.0 860.3069306930693
173.0 1051.5940594059407
173.0 782.8712871287129
173.0 911.7722772277227
173.0 750.7722772277227
173.0 838.059405940594
173.0 761.0990099009902
173.0 897.8712871287129
173.0 1131.2376237623762
173.0 1210.6336633663366
173.0 1023.2772277227723
173.0 1012.1485148514852
173.0 1082.6930693069307
173.0 1497.1980198019803
173.0 1093.09900990099
173.0 814.8415841584158
173.0 886.4455445544554
173.0 1105.029702970297
173.0 979.2376237623762
173.0 930.940594059406
173.0 1025.5049504950496
173.0 975.2277227722773
173.0 1070.5247524752476
173.0 1011.5643564356436
170.0 807.5445544554456
170.0 846.4059405940594
170.0 806.8217821782179
170.0 982.4158415841584
170.0 953.1782178217821
170.0 1239.09900990099
170.0 1115.980198019802
170.0 1039.019801980198
170.0 1087.2772277227723
170.0 1095.6930693069307
170.0 879.7128712871287
115.0 1070.8316831683169
115.0 837.960396039604
115.0 908.8712871287129
115.0 907.6633663366337
115.0 1110.4653465346535
115.0 1138.3663366336634
115.0 1225.029702970297
115.0 1155.1782178217823
115.0 1214.970297029703
115.0 945.3564356435644
115.0 988.3366336633663
115.0 1307.6435643564357
115.0 976.9207920792079
115.0 890.5841584158416
115.0 586.2178217821782
115.0 974.5445544554456
115.0 1001.7524752475248
115.0 1197.7821782178219
115.0 1156.9108910891089
115.0 1092.930693069307
115.0 840.8415841584158
115.0 1198.8019801980197
115.0 1022.1980198019802
115.0 882.8316831683169
115.0 833.8415841584158
115.0 825.5544554455446
115.0 883.6237623762377
115.0 809.3960396039604
115.0 1208.90099009901
115.0 999.3168316831683
115.0 886.6732673267327
115.0 970.019801980198
115.0 902.4257425742575
115.0 1057.881188118812
115.0 787.6831683168317
115.0 979.049504950495
115.0 1260.7128712871288
115.0 1227.1782178217823
115.0 1050.4950495049504
105.0 1187.6831683168316
105.0 1100.4158415841584
105.0 1016.3168316831683
105.0 819.0
105.0 1077.930693069307
105.0 1177.118811881188
105.0 884.8019801980198
105.0 772.4554455445544
105.0 1412.8019801980197
105.0 914.5445544554456
105.0 981.5940594059406
105.0 1063.4851485148515
105.0 1027.7029702970297
105.0 992.0297029702971
105.0 962.2970297029703
105.0 971.5148514851485
105.0 1147.920792079208
105.0 1348.3663366336634
105.0 887.1584158415842
105.0 935.7524752475248
105.0 1140.2772277227723
105.0 1083.6732673267327
105.0 1074.950495049505
105.0 1319.5346534653465
105.0 1516.2574257425742
105.0 1117.1782178217823
105.0 1256.6138613861385
105.0 977.9702970297029
105.0 766.2178217821782
105.0 775.2178217821782
105.0 913.1782178217821
105.0 1020.8514851485148
105.0 1048.9405940594058
105.0 986.5643564356436
105.0 677.1485148514852
105.0 628.8811881188119
105.0 738.4158415841584
105.0 597.4455445544554
105.0 603.0891089108911
105.0 732.9306930693069
105.0 887.2673267326733
105.0 925.1089108910891
105.0 791.0990099009902
105.0 743.4455445544554
105.0 829.3861386138614
105.0 1006.950495049505
105.0 765.8019801980198
105.0 716.4257425742575
105.0 682.5346534653465
105.0 690.049504950495
105.0 877.6039603960396
105.0 762.4455445544554
105.0 1069.049504950495
105.0 859.9702970297029
105.0 863.0297029702971
105.0 919.059405940594
105.0 859.8811881188119
105.0 847.9306930693069
105.0 870.950495049505
105.0 933.9306930693069
105.0 769.8019801980198
105.0 1065.8712871287128
105.0 1237.5742574257426
105.0 1174.039603960396
105.0 784.5247524752475
105.0 889.5346534653465
105.0 999.8514851485148
105.0 772.1485148514852
105.0 991.7227722772277
105.0 1162.1782178217823
105.0 1015.6138613861386
105.0 1032.079207920792
105.0 998.2178217821782
105.0 1007.1287128712871
105.0 691.9108910891089
105.0 773.9306930693069
105.0 734.059405940594
105.0 854.8712871287129
105.0 992.2574257425742
105.0 905.4356435643564
105.0 952.3267326732673
105.0 716.7722772277227
105.0 875.3861386138614
105.0 841.4356435643564
105.0 651.7425742574258
105.0 919.7623762376238
105.0 884.3366336633663
105.0 1017.5940594059406
105.0 1066.5841584158416
105.0 999.0990099009902
105.0 947.0891089108911
105.0 1118.2772277227723
105.0 816.5049504950495
105.0 678.950495049505
105.0 729.1881188118812
105.0 956.019801980198
105.0 885.8613861386139
105.0 1030.990099009901
105.0 876.960396039604
105.0 545.7920792079208
105.0 716.2475247524752
108.0 678.5346534653465
108.0 1031.3168316831684
108.0 907.7920792079208
108.0 1127.3069306930693
108.0 1088.5346534653465
108.0 1203.009900990099
108.0 1223.4356435643565
108.0 1032.7524752475247
108.0 1104.7128712871288
108.0 1036.8712871287128
108.0 1337.7326732673268
108.0 972.5643564356436
108.0 1253.079207920792
108.0 1170.2277227722773
108.0 1088.1683168316831
108.0 1006.1683168316831
108.0 1086.3762376237623
108.0 968.6138613861386
108.0 1009.2178217821782
108.0 1152.3960396039604
108.0 1423.4851485148515
108.0 787.6534653465346
108.0 817.2871287128713
108.0 1061.4158415841584
108.0 1139.7722772277227
108.0 1384.2970297029703
108.0 1167.851485148515
108.0 883.1485148514852
108.0 643.8811881188119
108.0 645.5643564356436
108.0 882.1287128712871
108.0 1135.1287128712872
108.0 1005.2574257425742
108.0 1194.09900990099
108.0 656.1386138613861
108.0 620.1089108910891
108.0 646.2376237623762
108.0 878.6930693069307
108.0 599.6831683168317
108.0 785.1485148514852
108.0 908.1782178217821
108.0 947.5841584158416
108.0 1144.039603960396
108.0 952.950495049505
108.0 843.1485148514852
108.0 905.0792079207921
108.0 969.5841584158416
108.0 855.1782178217821
108.0 758.2673267326733
108.0 981.8514851485148
108.0 1146.4455445544554
108.0 1267.960396039604
108.0 1014.7326732673267
108.0 1143.3366336633662
108.0 642.8811881188119
108.0 715.4158415841584
108.0 1015.4752475247525
108.0 1031.7326732673268
108.0 829.0
108.0 1083.0594059405942
108.0 1128.049504950495
108.0 1181.881188118812
108.0 1128.5049504950496
108.0 901.0891089108911
108.0 1104.4851485148515
108.0 913.5742574257425
108.0 1247.851485148515
108.0 1169.6732673267327
108.0 1086.1782178217823
108.0 925.1485148514852
108.0 928.2475247524752
108.0 729.1782178217821
108.0 1203.1782178217823
108.0 1129.6138613861385
108.0 803.0792079207921
108.0 719.4653465346535
108.0 790.3168316831683
108.0 636.6534653465346
108.0 861.8910891089109
108.0 764.8514851485148
108.0 691.7821782178218
108.0 915.7821782178218
108.0 1017.7128712871287
108.0 928.2673267326733
108.0 798.5940594059406
108.0 997.4455445544554
108.0 854.2178217821782
108.0 843.1287128712871
108.0 767.7128712871287
108.0 706.6930693069307
108.0 811.4752475247525
108.0 701.1980198019802
108.0 919.7524752475248
108.0 1054.5445544554455
108.0 766.7623762376238
108.0 945.2178217821782
108.0 894.5049504950495
108.0 888.8811881188119
108.0 1046.049504950495
108.0 1191.7524752475247
108.0 1174.90099009901
108.0 855.3960396039604
108.0 950.0792079207921
108.0 713.7425742574258
108.0 647.6237623762377
108.0 1115.1584158415842
108.0 655.7326732673267
108.0 812.2277227722773
108.0 1134.5643564356435
108.0 1020.2376237623762
108.0 1341.930693069307
108.0 1068.118811881188
108.0 1126.3069306930693
108.0 1194.0891089108911
108.0 753.6039603960396
108.0 716.4554455445544
108.0 508.2079207920792
108.0 889.2574257425742
108.0 765.8118811881188
108.0 999.5643564356436
108.0 776.059405940594
108.0 897.1782178217821
108.0 978.2673267326733
108.0 1151.881188118812
108.0 1052.8316831683169
108.0 904.6237623762377
108.0 1042.8613861386139
108.0 1037.2574257425742
108.0 1006.5445544554456
108.0 900.960396039604
108.0 947.3267326732673
108.0 823.8712871287129
108.0 823.3465346534654
108.0 1185.2079207920792
108.0 968.6732673267327
108.0 761.049504950495
108.0 739.5346534653465
108.0 852.2871287128713
108.0 916.9108910891089
108.0 1138.4851485148515
108.0 1154.8217821782177
108.0 1083.118811881188
108.0 1096.4257425742574
108.0 706.6534653465346
108.0 748.1980198019802
108.0 751.5445544554456
108.0 744.9306930693069
108.0 974.6831683168317
108.0 1153.8019801980197
108.0 1127.2277227722773
108.0 884.7920792079208
108.0 903.940594059406
108.0 1023.4356435643564
108.0 856.7227722772277
108.0 889.1782178217821
108.0 1055.6039603960396
108.0 927.3762376237623
108.0 810.2574257425742
108.0 1064.5346534653465
108.0 853.3069306930693
108.0 840.0
108.0 849.3762376237623
108.0 1090.5445544554455
108.0 985.6732673267327
108.0 845.1881188118812
108.0 754.8712871287129
108.0 1304.1980198019803
108.0 1089.118811881188
108.0 1360.2376237623762
108.0 1102.4356435643565
108.0 903.960396039604
108.0 708.2277227722773
108.0 761.2277227722773
108.0 585.5940594059406
108.0 625.5742574257425
108.0 779.6534653465346
108.0 982.3762376237623
108.0 944.7425742574258
108.0 849.3762376237623
108.0 652.1980198019802
108.0 656.6138613861386
108.0 931.6534653465346
108.0 518.049504950495
108.0 866.1881188118812
108.0 795.7425742574258
108.0 889.9702970297029
108.0 1095.4752475247524
108.0 1348.980198019802
108.0 855.5643564356436
108.0 952.8910891089109
108.0 1126.6435643564357
108.0 891.4257425742575
108.0 803.3663366336634
108.0 592.8019801980198
108.0 503.76237623762376
108.0 797.1089108910891
108.0 858.6732673267327
108.0 793.6138613861386
108.0 639.4653465346535
108.0 940.1089108910891
108.0 910.2277227722773
108.0 951.3762376237623
108.0 980.5940594059406
108.0 746.6534653465346
108.0 810.1980198019802
108.0 808.3267326732673
108.0 941.1386138613861
108.0 1086.8316831683169
108.0 1168.5346534653465
108.0 1035.1386138613861
108.0 617.6435643564356
108.0 689.8217821782179
108.0 782.3663366336634
108.0 763.1386138613861
108.0 911.5445544554456
108.0 783.049504950495
108.0 649.7623762376238
108.0 846.0990099009902
108.0 1124.3366336633662
108.0 757.1188118811881
108.0 1109.1683168316831
108.0 804.019801980198
108.0 809.6039603960396
108.0 880.8415841584158
108.0 839.3564356435644
108.0 969.6237623762377
108.0 887.8415841584158
108.0 769.7425742574258
108.0 897.2772277227723
108.0 974.2970297029703
108.0 975.7425742574258
108.0 976.5049504950495
108.0 586.7722772277227
108.0 1040.6237623762377
108.0 911.0891089108911
108.0 867.3366336633663
108.0 891.5049504950495
108.0 753.5742574257425
108.0 883.7326732673267
108.0 787.8910891089109
108.0 564.5742574257425
108.0 437.0693069306931
108.0 680.2376237623762
108.0 800.7326732673267
108.0 996.7029702970297
108.0 1026.09900990099
108.0 1118.8415841584158
108.0 695.1782178217821
108.0 847.1485148514852
108.0 1173.2772277227723
108.0 1100.6732673267327
108.0 960.0693069306931
108.0 751.6534653465346
108.0 879.7920792079208
108.0 807.1584158415842
108.0 895.8811881188119
108.0 927.9009900990098
108.0 1099.1683168316831
108.0 907.6138613861386
108.0 733.8910891089109
108.0 899.2772277227723
108.0 820.5148514851485
108.0 983.4851485148515
108.0 1311.0891089108911
108.0 832.2079207920792
108.0 803.9108910891089
108.0 844.1980198019802
108.0 813.6534653465346
99.0 680.4158415841584
99.0 705.7821782178218
99.0 1030.6930693069307
99.0 1031.7623762376238
99.0 1017.4356435643564
99.0 1045.7623762376238
99.0 1323.5346534653465
99.0 823.6930693069307
99.0 946.7722772277227
99.0 1036.3960396039604
99.0 1228.3069306930693
99.0 686.1485148514852
99.0 741.5346534653465
99.0 658.0
99.0 712.5742574257425
99.0 866.6732673267327
99.0 1051.5742574257426
99.0 625.1485148514852
99.0 817.3564356435644
99.0 921.8019801980198
97.0 997.8217821782179
97.0 1017.0891089108911
97.0 1140.2574257425742
97.0 989.3267326732673
97.0 847.009900990099
97.0 917.5742574257425
97.0 659.7128712871287
97.0 796.8316831683169
97.0 950.6534653465346
97.0 1272.09900990099
97.0 1209.950495049505
97.0 1005.5544554455446
97.0 1091.5742574257426
97.0 936.6930693069307
97.0 758.8514851485148
97.0 635.7524752475248
97.0 991.039603960396
97.0 925.2574257425742
97.0 804.6336633663366
97.0 645.8316831683169
97.0 1097.7722772277227
97.0 797.059405940594
97.0 977.009900990099
97.0 1085.960396039604
97.0 1006.7029702970297
97.0 773.5346534653465
97.0 830.7029702970297
97.0 960.3069306930693
97.0 832.4554455445544
97.0 820.3564356435644
97.0 773.3960396039604
97.0 669.7128712871287
