6.928086462519052E-4 4.036702724800073E-4
6.928086462519052E-4 4.6846877682974706E-4
9.446438692612886E-4 5.231647129814094E-4
9.446438692612886E-4 5.509725237349184E-4
9.565716472163764E-4 6.142147989345472E-4
0.0010909884355225835 6.816202299269612E-4
0.001091703056768559 7.171296489382942E-4
0.0013997760358342665 7.692549094876456E-4
0.0013997760358342665 8.291473907167451E-4
0.0015455950540958269 8.393205633533931E-4
0.0015455950540958269 8.334474793462165E-4
0.0015455950540958269 8.95365697857154E-4
0.001906941266209001 9.832468811124214E-4
0.001906941266209001 0.0010177006719916972
0.001906941266209001 0.0010507196813620658
0.001906941266209001 0.0010518512001828364
0.001906941266209001 0.001050203622841437
0.001906941266209001 0.0011802877192749496
0.001906941266209001 0.0011649428010124337
0.001906941266209001 0.0011838499440410134
0.002701242571582928 0.0012688333098397403
0.002701242571582928 0.001433335388188266
0.002701242571582928 0.001526046067200814
0.0028653295128939827 0.0017033074588860728
0.0030826140567200987 0.0018358500289208204
0.0032658393207054214 0.0019084009977407867
0.0032658393207054214 0.0020419545093915406
0.0035014005602240893 0.0021470097124836563
0.0035014005602240893 0.0022807537367280544
0.0035087719298245615 0.002428356299351776
0.0035087719298245615 0.002527519579643458
0.004488330341113106 0.002507803616797248
0.004721435316336166 0.0027089052218021987
0.0056433408577878106 0.0027336264110579293
0.0056433408577878106 0.0030224348308674634
0.0056433408577878106 0.0030749971972367954
0.005995203836930456 0.0033655707766085748
0.005995203836930456 0.003490426720470347
0.005995203836930456 0.003318407460185943
0.006858710562414266 0.0036033897498421513
0.006858710562414266 0.0036598664859855325
0.006858710562414266 0.0038752643232104595
0.006858710562414266 0.0041968865527392905
0.006858710562414266 0.0044539130434828695
0.006858710562414266 0.004115748260660713
0.006858710562414266 0.004749324196089559
0.006858710562414266 0.004713014760653045
0.006858710562414266 0.004719004735908811
0.007153075822603719 0.004795885951206574
0.007153075822603719 0.004707081562060879
0.007153075822603719 0.0053875226921299025
0.007886435331230283 0.005405024991781018
0.007886435331230283 0.004983504751373173
0.007886435331230283 0.004830246398043763
0.007886435331230283 0.005189522897637358
0.007886435331230283 0.005298179722222795
0.007886435331230283 0.00611232985221183
0.007886435331230283 0.005463204937374165
0.007886435331230283 0.005212904190354704
0.009363295880149813 0.00490068599880675
0.009363295880149813 0.005217084792122791
0.009363295880149813 0.005110627559885026
0.009363295880149813 0.005816799473677511
0.009363295880149813 0.00606083717339711
0.009363295880149813 0.005817343734455166
0.011389521640091117 0.00616321549873033
0.011389521640091117 0.006268763859325507
0.011389521640091117 0.006826721658352696
0.011389521640091117 0.007305000059750537
0.011389521640091117 0.007179950538391611
0.011389521640091117 0.007857497239544648
0.011389521640091117 0.0072057809619304105
0.011389521640091117 0.007281627783388467
0.011389521640091117 0.0080015029271202
0.011389521640091117 0.008525950738020812
0.011389521640091117 0.009185934625934816
0.011389521640091117 0.009095230655651265
0.012285012285012284 0.00856372714621501
0.012376237623762377 0.008593988435907111
0.012376237623762377 0.008640544425301573
0.012376237623762377 0.007707934639465421
0.012376237623762377 0.009086404427309036
0.012376237623762377 0.009020753990560685
0.012376237623762377 0.00792853183635941
0.012376237623762377 0.007884241101101577
0.012376237623762377 0.00867843118705972
0.012376237623762377 0.009609092062855748
0.012376237623762377 0.00812754981349973
0.012376237623762377 0.00819297180946616
0.01557632398753894 0.008814075906857658
0.01557632398753894 0.007033806082703395
0.01557632398753894 0.007829951126479889
0.01557632398753894 0.008529783773500827
0.01557632398753894 0.008969591784075916
0.01557632398753894 0.008567534412219973
0.01557632398753894 0.009076493713086886
0.01557632398753894 0.009214584648536587
0.01557632398753894 0.009107225958290525
0.01557632398753894 0.009491370946359007
0.01557632398753894 0.008745273910092362
0.01557632398753894 0.008767950147208428
0.01557632398753894 0.010015538995005051
0.01557632398753894 0.009015223168599576
0.01557632398753894 0.008930224578787577
0.01557632398753894 0.008153316843330545
0.01557632398753894 0.009106157411197533
0.01557632398753894 0.009281348457465557
0.015625 0.00853973080816882
0.015625 0.008863261049422663
0.015625 0.008778864291231264
0.015625 0.008912402180723917
0.015625 0.008518029891710742
0.015625 0.009890784007698243
0.015625 0.010338543135892735
0.015625 0.009919665742863145
0.015625 0.011238258009549168
0.016666666666666666 0.011242309781681184
0.016666666666666666 0.0117811002034265
0.016666666666666666 0.01095398760795234
0.016666666666666666 0.011612858942517339
0.016666666666666666 0.011111017889048197
0.016666666666666666 0.011846091723288708
0.016666666666666666 0.011539764215218313
0.016666666666666666 0.012097215639364209
0.016666666666666666 0.012258612670421373
0.016666666666666666 0.011439600855761907
0.016666666666666666 0.011789226658407969
0.016666666666666666 0.011473326742913199
0.016666666666666666 0.012004434708201249
0.016666666666666666 0.011094086934750202
0.016666666666666666 0.012378963315188967
0.016666666666666666 0.012169748376797492
0.016666666666666666 0.0125008772893953
0.016666666666666666 0.013357925858936892
0.016666666666666666 0.012740964043117241
0.016666666666666666 0.012364240642620926
0.016666666666666666 0.011915596844012883
0.016666666666666666 0.012167442088449273
0.016666666666666666 0.012485479418295826
0.016666666666666666 0.01206018768908485
0.016666666666666666 0.012129585099829919
0.016666666666666666 0.012369060101328695
0.016666666666666666 0.011659048235812762
0.016666666666666666 0.01117769322837231
0.016666666666666666 0.011400315503931205
0.016666666666666666 0.011970433568911887
0.016666666666666666 0.012542867278906234
0.016666666666666666 0.012505038069142773
0.016666666666666666 0.01292887128686181
0.016666666666666666 0.012542497408838716
0.016666666666666666 0.012907521412007177
0.016666666666666666 0.012594973801582263
0.016666666666666666 0.011555742328438133
0.016666666666666666 0.011619797930086218
0.016666666666666666 0.011279941070103433
0.016666666666666666 0.011590467970463663
0.016666666666666666 0.010595046430738877
0.016666666666666666 0.010980971473092826
0.016666666666666666 0.010756645184558765
0.016666666666666666 0.011887247908026472
0.016666666666666666 0.011683454504494085
0.016666666666666666 0.01245097430428807
0.016666666666666666 0.013072097954390011
0.016666666666666666 0.01371049361381814
0.016666666666666666 0.013012346313516922
0.016666666666666666 0.01364442882104691
0.016666666666666666 0.01317229459661309
0.016666666666666666 0.010847113086984026
0.016666666666666666 0.011074860752700016
0.016666666666666666 0.011762601900742053
0.016666666666666666 0.012349745407064187
0.016666666666666666 0.013790278308822995
0.016666666666666666 0.013061025218423035
0.016666666666666666 0.013136721574457031
0.016666666666666666 0.01301739847225548
0.016666666666666666 0.014243732920479809
0.016666666666666666 0.013261021201665248
0.016666666666666666 0.013203996735174969
0.016666666666666666 0.012283610418095212
0.016666666666666666 0.011608049961797587
0.016666666666666666 0.012278772569046902
0.016666666666666666 0.010812295258328136
0.016666666666666666 0.012096085164883277
0.016722408026755852 0.013296041856344403
0.016722408026755852 0.012255207176992479
0.016722408026755852 0.011726486619023053
0.016722408026755852 0.012535158522535653
0.016722408026755852 0.012567504927184347
0.016722408026755852 0.014168610913826023
0.016722408026755852 0.014248323234887575
0.016722408026755852 0.012929265842628605
0.016722408026755852 0.01417832375665477
0.016722408026755852 0.012886781696630064
0.016722408026755852 0.012353593187923286
0.016722408026755852 0.011290808976289389
0.016778523489932886 0.012920388781201574
0.016778523489932886 0.012394946230000007
0.016778523489932886 0.01289232419397597
0.016778523489932886 0.013756957712791546
0.016778523489932886 0.01294548871946969
0.016778523489932886 0.012471265413953578
0.016778523489932886 0.011429464543985675
0.016778523489932886 0.010797729603001516
0.016778523489932886 0.009659359185903446
0.016778523489932886 0.010652214509454272
0.016778523489932886 0.011822993223837274
0.016778523489932886 0.013180322424900926
0.016778523489932886 0.013039754634952955
0.016778523489932886 0.01257732276326564
0.016778523489932886 0.011596984361296052
0.016778523489932886 0.013120171099678044
0.016778523489932886 0.014203928056390156
0.016778523489932886 0.014424344872900358
0.016778523489932886 0.014089536076002569
0.016778523489932886 0.013447127578306814
0.016778523489932886 0.013274735687933517
0.016778523489932886 0.012761823900960475
0.016778523489932886 0.010976635424026111
0.016778523489932886 0.012387808990355891
0.016778523489932886 0.013814289416289075
0.016778523489932886 0.012484677724682801
0.016778523489932886 0.012183338418353758
0.016778523489932886 0.012330949692372382
0.016778523489932886 0.011486637296830452
0.016778523489932886 0.010809147032152817
0.016778523489932886 0.012266933637543566
0.016778523489932886 0.013132228968609896
0.016778523489932886 0.01272105923271693
0.016778523489932886 0.01356664258121149
0.016778523489932886 0.012781979637397387
0.016778523489932886 0.013373426583090405
0.016778523489932886 0.013728907923797985
0.016778523489932886 0.01284116376036942
0.016778523489932886 0.012719682063326927
0.016778523489932886 0.013362816809328732
0.016778523489932886 0.01338372611095484
0.016778523489932886 0.014076539302896868
0.016778523489932886 0.01143136351123616
0.016778523489932886 0.011745140968314735
0.016778523489932886 0.012174272238114922
0.016778523489932886 0.012548445771425831
0.016778523489932886 0.010633633907394108
0.016778523489932886 0.011336342439373601
0.016778523489932886 0.012331285555929383
0.016778523489932886 0.01261433564270849
0.016778523489932886 0.013170537302999717
0.016778523489932886 0.012907544461414842
0.016778523489932886 0.011698104641584528
0.016778523489932886 0.012274024504198707
0.016778523489932886 0.012314660492246419
0.016778523489932886 0.011725891373977157
0.016778523489932886 0.01123561439954611
0.016778523489932886 0.010176494360759077
0.016778523489932886 0.010280859134256751
0.016778523489932886 0.011827965942325897
0.016778523489932886 0.011507608386087494
0.016778523489932886 0.012581581442084407
0.016778523489932886 0.013179019535241799
0.016778523489932886 0.012150897042051693
0.016778523489932886 0.011180148533865581
0.016778523489932886 0.011787992072469212
0.01689189189189189 0.010953856199887028
0.01689189189189189 0.010379634905147107
0.01689189189189189 0.011243864243147682
0.01689189189189189 0.012160686922977887
0.01689189189189189 0.0128987897870101
0.01689189189189189 0.011880147739172316
0.01689189189189189 0.012255574937832721
0.01689189189189189 0.012548130650075002
0.01689189189189189 0.011483188025764915
0.01689189189189189 0.009693252385268218
0.01689189189189189 0.00892684122364591
0.01689189189189189 0.010094342851248557
0.01689189189189189 0.012712406436758191
0.01689189189189189 0.012805680891513864
0.01689189189189189 0.01287165339504072
0.01689189189189189 0.012434124049397356
0.01689189189189189 0.012779486814056778
0.01689189189189189 0.012518172496895585
0.01689189189189189 0.012417004531723464
0.01689189189189189 0.012246299994097922
0.01689189189189189 0.01344507441261897
0.01689189189189189 0.012018336958174124
0.01689189189189189 0.012649803145094457
0.01689189189189189 0.011896392008672924
0.017006802721088437 0.012672813607480652
0.017006802721088437 0.011689470855149112
0.017006802721088437 0.011637306031787387
0.017006802721088437 0.01152669178144393
0.017006802721088437 0.01236857745735127
0.017006802721088437 0.01163701235970904
0.017006802721088437 0.011325436488444633
0.017006802721088437 0.01051797427413724
0.017006802721088437 0.01107426498466988
0.017006802721088437 0.008961582349188599
0.017006802721088437 0.011024821174644732
0.017006802721088437 0.012528647282046619
0.017006802721088437 0.012695621422458054
0.017006802721088437 0.013805103673810692
0.017006802721088437 0.012398524315461871
0.017006802721088437 0.012012486375537288
0.017006802721088437 0.012656300328089738
0.017006802721088437 0.013348565810910309
0.017006802721088437 0.013132420731626794
0.017006802721088437 0.01181560371293893
0.017006802721088437 0.012908680294591244
0.017006802721088437 0.011637708726539207
0.017064846416382253 0.010941382779391764
0.017064846416382253 0.011705801442503666
0.017064846416382253 0.013752776541891037
0.017064846416382253 0.011146366985963826
0.017123287671232876 0.01034841123804515
0.017123287671232876 0.011371807573587881
0.017123287671232876 0.011081252692030264
0.017123287671232876 0.009974494227688853
0.017123287671232876 0.010621728176997969
0.017123287671232876 0.011022760698287426
0.017123287671232876 0.011520748631523236
0.017123287671232876 0.01093472697893173
0.017123287671232876 0.011788145829135843
0.017123287671232876 0.011755866439855092
0.017123287671232876 0.01217356321738943
0.017123287671232876 0.013363052871533701
0.017123287671232876 0.012152775634739184
0.017123287671232876 0.013684060625692765
0.017123287671232876 0.012339998998307304
0.01937984496124031 0.012323096680558938
0.01937984496124031 0.012573012904213594
0.01937984496124031 0.011911601375042049
0.01937984496124031 0.010977006289805948
0.01937984496124031 0.010374835890769327
0.01937984496124031 0.011336167733808272
0.01937984496124031 0.009197639657002984
0.01937984496124031 0.009153191756393125
0.01937984496124031 0.011270418380137716
0.01937984496124031 0.010491716658975211
0.01937984496124031 0.010237322078026771
0.01937984496124031 0.01043151215535237
0.01968503937007874 0.011720546888511022
0.01968503937007874 0.012727051359718017
0.01968503937007874 0.012872826389172058
0.01968503937007874 0.01297986749189659
0.01968503937007874 0.013123621819730499
0.01968503937007874 0.012985903219391338
0.01968503937007874 0.012768541458480576
0.01968503937007874 0.011278589648042892
0.01968503937007874 0.012570964479304253
0.01968503937007874 0.013451484918317824
0.01968503937007874 0.013571966479072812
0.01968503937007874 0.015190283798308201
0.01968503937007874 0.015207963401998939
0.01968503937007874 0.015179529869096408
0.01968503937007874 0.01643363008373896
0.01968503937007874 0.014342324705458482
0.01968503937007874 0.014551690394725064
0.01984126984126984 0.016243500141810314
0.01984126984126984 0.015704583971071467
0.01984126984126984 0.015229744916487105
0.01984126984126984 0.013944074568623198
0.01984126984126984 0.014541624475350413
0.01984126984126984 0.011160272401794808
0.01984126984126984 0.011316132399122686
0.01984126984126984 0.01263398271017811
0.01984126984126984 0.013665830613094877
0.01984126984126984 0.015343002298133714
0.01984126984126984 0.01581054766212195
0.01984126984126984 0.016203787802564512
0.01984126984126984 0.014739189244875911
0.01984126984126984 0.013269688612217155
0.01984126984126984 0.013683579436760797
0.01984126984126984 0.014528325143729372
0.01984126984126984 0.013417926061578288
0.01984126984126984 0.01516943055741606
0.01984126984126984 0.015769938678307303
0.01984126984126984 0.015402088443826126
0.01984126984126984 0.015821816402851543
0.01984126984126984 0.015201065618653824
0.01984126984126984 0.015827187676129673
0.01984126984126984 0.01581579512516811
0.01984126984126984 0.01455248457544455
0.01984126984126984 0.015522834012062902
0.01984126984126984 0.015529004898126381
0.01984126984126984 0.015601346813256136
0.01984126984126984 0.015096158550174077
0.01984126984126984 0.013881239884189206
0.01984126984126984 0.013684232047003796
0.01984126984126984 0.013035595485044993
0.01984126984126984 0.012555807107479947
0.01984126984126984 0.013215587672856336
0.01984126984126984 0.012426420775893269
0.01984126984126984 0.014225144937875302
0.01984126984126984 0.015411385574686659
0.01984126984126984 0.014926477266352975
0.01984126984126984 0.015028604167555304
0.01984126984126984 0.015900825617194046
0.01984126984126984 0.01562563109656414
0.01984126984126984 0.01452376304162835
0.01984126984126984 0.01513431342728471
0.01984126984126984 0.01633989523259407
0.01984126984126984 0.014145041481779313
0.01984126984126984 0.015129522484918093
0.01984126984126984 0.014583854814465799
0.01984126984126984 0.014242246850466433
0.01984126984126984 0.015348450169935496
0.01984126984126984 0.016096704379360005
0.01984126984126984 0.01571910003420539
0.01984126984126984 0.016063090195052924
0.01984126984126984 0.0169574139617292
0.01984126984126984 0.015891558045869832
0.01984126984126984 0.015328807657242658
0.01984126984126984 0.01621350240477205
0.01984126984126984 0.014838710374347155
0.01984126984126984 0.014956258759220456
0.01984126984126984 0.015081939512136357
0.01984126984126984 0.015084803557601603
0.01984126984126984 0.015347676997388437
0.01984126984126984 0.014737324986047753
0.01984126984126984 0.015024197899159186
0.01984126984126984 0.015057800123968405
0.01984126984126984 0.014542600680319524
0.01984126984126984 0.01487676202534303
0.01984126984126984 0.014531498519766536
0.01984126984126984 0.015200467961507888
0.01984126984126984 0.01459009344277538
0.01984126984126984 0.0142877620676132
0.01984126984126984 0.014770486995315885
0.01984126984126984 0.013128075937624306
0.01984126984126984 0.014852660049797583
0.01984126984126984 0.015054575043500074
0.01984126984126984 0.015463559265965475
0.01984126984126984 0.01557760713909899
0.01984126984126984 0.01629904713752122
0.01984126984126984 0.015389410323050936
0.01984126984126984 0.016712698292467715
0.01984126984126984 0.015493231021961153
0.01984126984126984 0.015504032466569182
0.01984126984126984 0.013418568470290645
0.01984126984126984 0.013094058315397923
0.01984126984126984 0.01273919718106955
0.01984126984126984 0.012073178708426321
0.01984126984126984 0.014423119899134484
0.01984126984126984 0.01398292170552266
0.01984126984126984 0.01580414329794529
0.01984126984126984 0.017253695636192265
0.01984126984126984 0.01574698877737653
0.01984126984126984 0.013845130260287743
0.01984126984126984 0.01404551735781275
0.01984126984126984 0.014146261908498261
0.01984126984126984 0.014955159357826122
0.01984126984126984 0.014828220026048628
0.01984126984126984 0.013890395881757809
0.01984126984126984 0.013952933204622441
0.01984126984126984 0.014794297330097891
0.01984126984126984 0.013478523084775422
0.01984126984126984 0.01486117296621014
0.01984126984126984 0.012792451403953232
0.01984126984126984 0.013133292598033088
0.01984126984126984 0.016017854023593465
0.01984126984126984 0.015100594423122978
0.01984126984126984 0.015376169250921806
0.01984126984126984 0.015235280802197857
0.01984126984126984 0.013430236530738392
0.01984126984126984 0.01136751832011152
0.01984126984126984 0.01317634453921601
0.01984126984126984 0.014122522734767549
0.01984126984126984 0.014251779731256894
0.02109704641350211 0.014490574290874187
0.02109704641350211 0.016056055641671285
0.02109704641350211 0.01592442204796856
0.02109704641350211 0.01561896919081572
0.02109704641350211 0.014808699717255165
0.02109704641350211 0.015167743588138974
0.02109704641350211 0.014022533853150543
0.02109704641350211 0.013555639720859578
0.02109704641350211 0.013531072535570031
0.02109704641350211 0.01463463276789072
0.02109704641350211 0.016159303493485336
0.02109704641350211 0.01595304873576306
0.02109704641350211 0.016772205573325077
0.02109704641350211 0.01575774911753852
0.02109704641350211 0.016282712155337064
0.02109704641350211 0.015514133873554182
0.02109704641350211 0.015250258824761477
0.02109704641350211 0.01627213998376217
0.02109704641350211 0.01638902616221512
0.02109704641350211 0.016593049892857707
0.02109704641350211 0.014843761873084442
0.02109704641350211 0.014326572990584785
0.02109704641350211 0.01280667431679374
0.02109704641350211 0.014760333281622354
0.02127659574468085 0.016032598102754276
0.02127659574468085 0.015178608421259331
0.02127659574468085 0.013955162029633015
0.02127659574468085 0.014904432361245314
0.02127659574468085 0.013715359941048014
0.02127659574468085 0.015578811542556156
0.02127659574468085 0.01601496589438297
0.02127659574468085 0.014859388520058081
0.024752475247524754 0.014644712457586315
0.024752475247524754 0.013751137966303806
0.024752475247524754 0.014596284962491018
0.024752475247524754 0.013833156810211402
0.024752475247524754 0.014754168514677885
0.024752475247524754 0.013857495895722318
0.024752475247524754 0.01537029965028594
0.024752475247524754 0.019332262188814835
0.024752475247524754 0.016741916979167795
0.024752475247524754 0.01882129804150661
0.024752475247524754 0.019183855854418758
0.024752475247524754 0.01919441939863927
0.024752475247524754 0.017771597743884614
0.024752475247524754 0.01892038500581103
0.024752475247524754 0.01828062631541175
0.024752475247524754 0.016026889605246692
0.024752475247524754 0.016242375389126675
0.024752475247524754 0.01729957394893919
0.024752475247524754 0.018013719135529918
0.024752475247524754 0.01802285145587577
0.024752475247524754 0.015330504236348599
0.024752475247524754 0.017004481866478578
0.024752475247524754 0.01778676570265324
0.024752475247524754 0.01867122610624209
0.024752475247524754 0.01760379111805715
0.024752475247524754 0.018165145634521464
0.024752475247524754 0.018737732127445842
0.024752475247524754 0.018164616547751727
0.024752475247524754 0.01759809106192072
0.024752475247524754 0.017472671634175804
0.024752475247524754 0.017237037213226114
0.02487562189054726 0.018358336935998493
0.02487562189054726 0.018444275119896922
0.02487562189054726 0.019449445509212848
0.02487562189054726 0.019382798983444686
0.02487562189054726 0.018988869805803665
0.02487562189054726 0.01480414621790981
0.02487562189054726 0.01620822530884756
0.02487562189054726 0.016335789802271496
0.02487562189054726 0.016772896770767345
0.02487562189054726 0.016842601597929153
0.02487562189054726 0.01839885213134939
0.02564102564102564 0.018129380539481044
0.02564102564102564 0.018527031590580667
0.02564102564102564 0.018150647901107694
0.02564102564102564 0.016799176315221414
0.02564102564102564 0.014589637920661733
0.02564102564102564 0.015417159334346833
0.02564102564102564 0.013649838715827159
0.02564102564102564 0.013312905200413984
0.02564102564102564 0.014186977287059777
0.02564102564102564 0.016336105777739036
0.02564102564102564 0.015370565550633071
0.02564102564102564 0.014781072980591664
0.02564102564102564 0.01698090437607725
0.02564102564102564 0.01794992101736879
0.02564102564102564 0.020580552163939014
0.02564102564102564 0.017236974141760977
0.02564102564102564 0.017391815150733642
0.02564102564102564 0.015140685429710362
0.02564102564102564 0.016772317581766734
0.02564102564102564 0.016587533648583324
0.02564102564102564 0.019528973344451563
0.02564102564102564 0.016348759512915114
0.02564102564102564 0.01610539151829694
0.02564102564102564 0.01889172544981118
0.02564102564102564 0.018657233151382284
0.02564102564102564 0.018598848367096143
0.02564102564102564 0.01950430784720395
0.02564102564102564 0.01933297055441586
0.02564102564102564 0.016301075583689623
0.02564102564102564 0.0172542646234282
0.02564102564102564 0.01906411575558792
0.02564102564102564 0.018620872395966902
0.02564102564102564 0.018968908103046224
0.02564102564102564 0.018903074000542013
0.02564102564102564 0.019198910869714852
0.02564102564102564 0.01815402495142705
0.02564102564102564 0.015334132560290665
0.02564102564102564 0.016285690091524148
0.02564102564102564 0.017042636578493482
0.027624309392265192 0.01716945625397869
0.027624309392265192 0.01760286812104468
0.027624309392265192 0.01857234695392575
0.027624309392265192 0.018314375968973333
0.027624309392265192 0.017189217023156737
0.027624309392265192 0.017780842596548618
0.027624309392265192 0.019431617356009567
0.027624309392265192 0.020186254559393327
0.027624309392265192 0.016951430837905547
0.027624309392265192 0.0194572737505101
0.027624309392265192 0.018840698506203287
0.027624309392265192 0.018066549344820573
0.027624309392265192 0.01768248702127039
0.027624309392265192 0.01913816385674699
0.027624309392265192 0.019111228632878133
0.027624309392265192 0.0178953054393266
0.027624309392265192 0.017571596524967037
0.027624309392265192 0.01572466886701935
0.027624309392265192 0.018416533524447175
0.027624309392265192 0.018780479646873866
0.027624309392265192 0.01661782752234464
0.027624309392265192 0.017222393766518077
0.027624309392265192 0.014971223726145564
0.027624309392265192 0.01399067263921532
0.027624309392265192 0.013670188164213042
0.027624309392265192 0.015492831085311822
0.027624309392265192 0.015490213867692816
0.027624309392265192 0.016948175917193196
0.027624309392265192 0.020337796510660665
0.027624309392265192 0.019684286038832544
0.027624309392265192 0.018754477222760472
0.027624309392265192 0.019810965622220456
0.027624309392265192 0.018937713270746545
0.027624309392265192 0.018758244301704422
0.027624309392265192 0.021973531281239977
0.027624309392265192 0.022348557343676155
0.027624309392265192 0.02169329764291903
0.027624309392265192 0.02213915924927374
0.027624309392265192 0.021696233681224267
0.027624309392265192 0.02169537382059262
0.027624309392265192 0.02044400096969919
0.027624309392265192 0.019301512882847816
0.027624309392265192 0.019542487106191515
0.027624309392265192 0.019430244131090905
0.027624309392265192 0.020028293827027643
0.027624309392265192 0.01931303631753732
0.027624309392265192 0.019718595615828786
0.027624309392265192 0.02137284495155747
0.027624309392265192 0.021273970585132224
0.027624309392265192 0.021359191739562713
0.027624309392265192 0.02059281179082598
0.027624309392265192 0.02028303874262311
0.027624309392265192 0.01891282510962893
0.027624309392265192 0.019841018355269663
0.027624309392265192 0.01980446977057754
0.027624309392265192 0.019574809770349148
0.027624309392265192 0.020741002932088252
0.027624309392265192 0.019707629185174744
0.027624309392265192 0.019864325444692583
0.027624309392265192 0.019265772458934693
0.027624309392265192 0.01993296179275756
0.027624309392265192 0.01960871626630606
0.027624309392265192 0.01674400334091708
0.027624309392265192 0.017156806356364906
0.027624309392265192 0.020048402717223027
0.027624309392265192 0.019199569351780053
0.027624309392265192 0.019788483149882304
0.027624309392265192 0.020708504811799377
0.027624309392265192 0.02062092078313795
0.027624309392265192 0.01838054203825134
0.027624309392265192 0.01881312660769575
0.027624309392265192 0.018204328907689058
0.027624309392265192 0.018595217789872536
0.027624309392265192 0.01880113738715972
0.027624309392265192 0.02129995941840139
0.027624309392265192 0.02144521925424885
0.027624309392265192 0.0203351749502466
0.027624309392265192 0.020594963576465487
0.027624309392265192 0.019178924659522343
0.027624309392265192 0.021323200311527433
0.027624309392265192 0.020789977649331867
0.027624309392265192 0.022213965175906278
0.027624309392265192 0.021380937008241754
0.027624309392265192 0.021865502702201008
0.027624309392265192 0.023040346925888345
0.027624309392265192 0.019894620869358812
0.027624309392265192 0.019940773369558195
0.027624309392265192 0.019920259945384523
0.027624309392265192 0.019209325998327195
0.027624309392265192 0.018061022208831976
0.027624309392265192 0.019668698623049315
0.027624309392265192 0.018370489452650362
0.027624309392265192 0.020527686915988278
0.027624309392265192 0.021905274152616647
0.027624309392265192 0.022387502210564292
0.027624309392265192 0.01988285308018771
0.027624309392265192 0.020026312359667647
0.027624309392265192 0.01771768873631453
0.027624309392265192 0.019306094295173975
0.027624309392265192 0.021828815699035505
0.027624309392265192 0.021494877311724035
0.029411764705882353 0.02104382443650719
0.029411764705882353 0.02017281452702875
0.029411764705882353 0.019750360857422197
0.029411764705882353 0.01761168701110986
0.029411764705882353 0.018907354706971687
0.029411764705882353 0.017869556450950688
0.029411764705882353 0.01643867923627096
0.029411764705882353 0.01763589351310912
0.029411764705882353 0.016308404010637736
0.029411764705882353 0.015956995394777518
0.029411764705882353 0.015291930824856982
0.029411764705882353 0.01880422984295898
0.029411764705882353 0.018927456173330765
0.029411764705882353 0.018417469313699853
0.029411764705882353 0.01964471794129875
0.029411764705882353 0.020953360071534824
0.029411764705882353 0.019307293320418
0.029411764705882353 0.020571056858375847
0.029411764705882353 0.020207208580281626
0.029411764705882353 0.019020453661329432
0.02976190476190476 0.016579381603721365
0.02976190476190476 0.020504015032624678
0.02976190476190476 0.01953587400207308
0.02976190476190476 0.019335048424327372
0.02976190476190476 0.018163755542364046
0.02976190476190476 0.013685617214497977
0.02976190476190476 0.01692967280190381
0.02976190476190476 0.019462477234195245
0.02976190476190476 0.022088137513813992
0.02976190476190476 0.024596420494928526
0.02976190476190476 0.02169736448355616
0.02976190476190476 0.02007401586275634
0.02976190476190476 0.021292349899015885
0.02976190476190476 0.02021162126395224
0.02976190476190476 0.024086999448948564
0.02976190476190476 0.02348445450318512
0.02976190476190476 0.023551684564862507
0.02976190476190476 0.02229961080781568
0.02976190476190476 0.02484055345120995
0.02976190476190476 0.023001991611100715
0.02976190476190476 0.0225345910681764
0.02976190476190476 0.0215051447339359
0.02976190476190476 0.019995266353026953
0.02976190476190476 0.02038522241751887
0.02976190476190476 0.021466472358355287
0.02976190476190476 0.02198759813057766
0.02976190476190476 0.020631776388002572
0.02976190476190476 0.022675479640133295
0.02976190476190476 0.022674222502500042
0.02976190476190476 0.020188403434556645
0.02976190476190476 0.019876368508608494
0.02976190476190476 0.018743752393378794
0.02976190476190476 0.019976530114433913
0.02976190476190476 0.02002395844039639
0.02976190476190476 0.023140075918279435
0.02976190476190476 0.022324495366210718
0.02976190476190476 0.02105598550260413
0.02976190476190476 0.020207969708592132
0.02976190476190476 0.021429869168380453
0.02976190476190476 0.020661831253249528
0.02976190476190476 0.020625700151649325
0.02976190476190476 0.018979902131068836
0.02976190476190476 0.01726915187997155
0.02976190476190476 0.020079180103717197
0.02976190476190476 0.01921673252453659
0.02976190476190476 0.020950981982503933
0.02976190476190476 0.019549693899464267
0.02976190476190476 0.01735153229519029
0.02976190476190476 0.01794313482499298
0.02976190476190476 0.020654260874516283
0.02976190476190476 0.020494700759095534
0.02976190476190476 0.022229174728656785
0.02976190476190476 0.017209998534621598
0.02976190476190476 0.01844134048710248
0.02976190476190476 0.023102945386809622
0.02976190476190476 0.022358182272430638
0.02976190476190476 0.02277857064216933
0.02976190476190476 0.025340655121784003
0.02976190476190476 0.02347581644186941
0.02976190476190476 0.02407705388137925
0.02976190476190476 0.02492666867817319
0.02976190476190476 0.02169269866498417
0.02976190476190476 0.01938242097521384
0.02976190476190476 0.021047552056327058
0.02976190476190476 0.021764533103639953
0.02976190476190476 0.02003940319378725
0.02976190476190476 0.020591398552840826
0.02976190476190476 0.021873073493114948
0.02976190476190476 0.02198074892523892
0.02976190476190476 0.022148963883003237
0.02976190476190476 0.02222481491832619
0.02976190476190476 0.023624427574537615
0.02976190476190476 0.021923801920728705
0.02976190476190476 0.019080274824106708
0.02976190476190476 0.022585485289717194
0.02976190476190476 0.021960223191250974
0.02976190476190476 0.022662445124729386
0.02976190476190476 0.02238482819292331
0.02976190476190476 0.021924903098642
0.02976190476190476 0.01945253834217651
0.02976190476190476 0.019728766700356927
0.02976190476190476 0.022001393373420948
0.02976190476190476 0.02128026513357165
0.02976190476190476 0.022858028772024582
0.02976190476190476 0.022951857310282178
0.02976190476190476 0.021296765865724907
0.02976190476190476 0.023824461587104682
0.02976190476190476 0.022652522179369833
0.02976190476190476 0.020030755603242658
0.02976190476190476 0.020357155285711352
0.02976190476190476 0.018960707589776003
0.02976190476190476 0.020471832449349806
0.02976190476190476 0.018685489377404496
0.02976190476190476 0.020167139888241935
0.02976190476190476 0.022151562328764748
0.02976190476190476 0.02261310561097286
0.02976190476190476 0.02450388909253443
0.02976190476190476 0.021063213549615687
0.02976190476190476 0.02160616273963512
0.02976190476190476 0.0209384658093616
0.02976190476190476 0.02211294327076297
0.02976190476190476 0.021844433939755672
0.02976190476190476 0.021133791879417756
0.02976190476190476 0.018510027435441626
0.02976190476190476 0.018633758958866185
0.02976190476190476 0.022322431395963405
0.02976190476190476 0.020238862975176845
0.02976190476190476 0.02057620747472298
0.02976190476190476 0.022132234778215874
0.02976190476190476 0.02212468100886802
0.02976190476190476 0.021884066268137554
0.02976190476190476 0.022140466474328588
0.02976190476190476 0.023024464355963677
0.02976190476190476 0.020837924517531376
0.02976190476190476 0.022639675547170144
0.02976190476190476 0.02329658686118637
0.02976190476190476 0.024083586006697348
0.02976190476190476 0.02075818948098517
0.02976190476190476 0.019912301291387352
0.02976190476190476 0.019113398927354686
0.02976190476190476 0.019208293895321454
0.02976190476190476 0.019769169774742683
0.02976190476190476 0.019688739316995094
0.02976190476190476 0.022180568242737494
0.02976190476190476 0.021254272274920733
0.02976190476190476 0.02140179782930493
0.02976190476190476 0.022927283146181653
0.02976190476190476 0.02158202677191021
0.02976190476190476 0.0198824075463216
0.02976190476190476 0.019593783299525463
0.02976190476190476 0.021000051974294425
0.02976190476190476 0.0210867468165693
0.02976190476190476 0.019842455793364078
0.02976190476190476 0.02272875571819896
0.02976190476190476 0.020959840293450625
0.02976190476190476 0.01974589398489545
0.02976190476190476 0.021450438316838176
0.02976190476190476 0.02239947545696528
0.02976190476190476 0.020284516605773212
0.02976190476190476 0.02071465129904599
0.02976190476190476 0.02151521688205143
0.02976190476190476 0.022369949075798024
0.02976190476190476 0.020408417179780952
0.02976190476190476 0.021314574519541316
0.02976190476190476 0.021293476081320532
0.02976190476190476 0.02183403040355377
0.02976190476190476 0.019776088280559358
0.02976190476190476 0.02095693098229829
0.02976190476190476 0.019565598363977837
0.02976190476190476 0.02011356104306035
0.02976190476190476 0.0209844461756857
0.02976190476190476 0.02213969786264439
0.02976190476190476 0.022513450365270696
0.02976190476190476 0.024055052384151416
0.02976190476190476 0.024477000061655294
0.02976190476190476 0.023294045216009692
0.02976190476190476 0.02275199261754684
0.02976190476190476 0.02285753052691247
0.02976190476190476 0.021578116758043185
0.02976190476190476 0.023246810927200694
0.02976190476190476 0.02411259129316702
0.02976190476190476 0.02277258701875876
0.02976190476190476 0.025525609254942107
0.02976190476190476 0.02160934900148831
0.02976190476190476 0.02338461923187461
0.02976190476190476 0.022814525186183095
0.02976190476190476 0.02154087862712122
0.02976190476190476 0.0184019786324037
0.02976190476190476 0.021896243257611768
0.02976190476190476 0.02123408019729603
0.02976190476190476 0.020806326941829656
0.02976190476190476 0.02145251541778534
0.02976190476190476 0.02287028557365472
0.02976190476190476 0.02499581511812246
0.02976190476190476 0.025504244589000028
0.02976190476190476 0.02319200522224101
0.02976190476190476 0.02112773097433417
0.02976190476190476 0.021602633910548584
0.02976190476190476 0.02240343466604747
0.02976190476190476 0.022073981874925104
0.02976190476190476 0.022624847167130483
0.02976190476190476 0.021488739057506853
0.02976190476190476 0.021348302417430735
0.02976190476190476 0.023593704972579354
0.02976190476190476 0.023017074759920042
0.02976190476190476 0.02295567959244397
0.02976190476190476 0.021079524922505415
0.02976190476190476 0.020263536372090763
0.02976190476190476 0.019826307461990027
0.02976190476190476 0.020156568221226762
0.03012048192771084 0.02255211228317053
0.03012048192771084 0.023063971204368195
0.03012048192771084 0.02316423980119922
0.03012048192771084 0.023162629210070278
0.03012048192771084 0.02254296619996459
0.03012048192771084 0.023093877208568606
0.03012048192771084 0.02375006749086145
0.03012048192771084 0.021390128267478315
0.03012048192771084 0.02000540217342577
0.03012048192771084 0.022135698600758494
0.03012048192771084 0.020222208142004296
0.03012048192771084 0.022690693857420417
0.03012048192771084 0.022589486661247136
0.03012048192771084 0.02275764840030027
0.03012048192771084 0.022352221630102975
0.03012048192771084 0.021408361240836393
0.03012048192771084 0.02298087343281715
0.03012048192771084 0.023702211591985132
0.03012048192771084 0.02214613000888195
0.03012048192771084 0.020689877477591108
0.03012048192771084 0.020613529976582518
0.03012048192771084 0.02151431989468185
0.03012048192771084 0.02417913762213464
0.03012048192771084 0.021554876424348654
0.03012048192771084 0.022235840262857003
0.03012048192771084 0.023239258898645105
0.03012048192771084 0.0235081817852886
0.03012048192771084 0.023836613758609307
0.03012048192771084 0.02347401899278341
0.03012048192771084 0.02406364721226921
0.03012048192771084 0.023352463672475378
0.03012048192771084 0.025782215752229606
0.03012048192771084 0.02263111753444
0.03012048192771084 0.021911944401093977
0.03012048192771084 0.021739586747515856
0.03012048192771084 0.020730973207254144
0.03012048192771084 0.021080886836755044
0.03012048192771084 0.024135101647267364
0.03012048192771084 0.023608291058770107
0.03012048192771084 0.020864884154135545
0.03012048192771084 0.019711172202095836
0.03012048192771084 0.01976100116969426
0.03012048192771084 0.022547729496594757
0.03012048192771084 0.021608051217549697
0.03012048192771084 0.023425314997049987
0.03012048192771084 0.021785444478029815
0.03012048192771084 0.02133530106189093
0.03012048192771084 0.021713305968204
0.03012048192771084 0.021862506831439924
0.03012048192771084 0.02266401498550442
0.03012048192771084 0.021390525810449118
0.03012048192771084 0.021982989621525797
0.03012048192771084 0.02107946052811872
0.03012048192771084 0.01753232811426442
0.03012048192771084 0.020550899740729642
0.03012048192771084 0.02232249055699432
0.03012048192771084 0.02215253911347399
0.03012048192771084 0.021658527171010897
0.03067484662576687 0.022475108708222315
0.03067484662576687 0.024559420238457308
0.03067484662576687 0.020502992573514525
0.03067484662576687 0.02076886129063441
0.03067484662576687 0.018105711824476862
0.03067484662576687 0.017627774696368736
0.03067484662576687 0.015232532844458663
0.03067484662576687 0.0211802405317762
0.03067484662576687 0.02060626441928858
0.03067484662576687 0.019731531793542915
0.03067484662576687 0.019543969947657995
0.03067484662576687 0.023663654880033597
0.03067484662576687 0.022833182480467867
0.0308641975308642 0.023919453613435965
0.0308641975308642 0.024049714037914376
0.0308641975308642 0.023368399981349697
0.0308641975308642 0.021944138189758645
0.0308641975308642 0.02534372881758712
0.0308641975308642 0.02196681001543952
0.0308641975308642 0.02317275402302305
0.03105590062111801 0.022508697701311794
0.03105590062111801 0.01941621310394301
0.03125 0.018320316139834505
0.03125 0.01641918637027502
0.03125 0.020675006164910942
0.03125 0.02085236567968353
0.03125 0.02411210082699449
0.03125 0.02108049413652225
0.03125 0.01869930215030782
0.03125 0.016468150984669777
0.03125 0.017955198339605665
0.03125 0.01925186186003096
0.03125 0.020094679789419163
0.03125 0.022452281293325976
0.03125 0.02260270834642513
0.03125 0.023739592159116755
0.03125 0.020739570499557613
0.03125 0.021901043355160854
0.03125 0.021997132145748027
0.03125 0.024184058350526092
0.03125 0.01953381813202278
0.03125 0.02227757540280823
0.03125 0.02167778905423737
0.03125 0.021471906151223692
0.03125 0.02303969115853534
0.03125 0.022734014829107526
0.03125 0.023348347983657466
0.03125 0.023562508876053122
0.03125 0.021904854529634112
0.03125 0.0239185724972873
0.03125 0.023071055583877897
0.03125 0.02382922876431885
