5.421817393190197E-4 3.8103268390784345E-4
7.158196134574087E-4 4.162260966483403E-4
7.158196134574087E-4 4.274802123420598E-4
7.773631840796019E-4 4.7960812234370317E-4
0.0010072522159548752 5.265833871771649E-4
0.0012165450121654502 5.853667456271809E-4
0.0012165450121654502 6.52835961568E-4
0.0012165450121654502 7.01220408660859E-4
0.0012165450121654502 7.550213296721894E-4
0.0017059024223814397 8.120565054721888E-4
0.0017059024223814397 9.182213183520924E-4
0.0017863522686673813 8.937648218599875E-4
0.0020964360587002098 9.054321783551982E-4
0.0020964360587002098 0.0010125662200811594
0.0020964360587002098 0.0010849433607094793
0.0021150592216582064 0.0010982789686248488
0.002386634844868735 0.0012051664430916677
0.002627430373095113 0.001481033840927001
0.0028216704288939053 0.0017127143436210658
0.0028216704288939053 0.0018824297470883464
0.0036363636363636364 0.0019812301603896625
0.0036363636363636364 0.0019825774711054902
0.0036363636363636364 0.0020240251426522082
0.0036363636363636364 0.001998149820884482
0.003996802557953637 0.0023402225420999876
0.004233700254022015 0.0025197930763073894
0.004233700254022015 0.0025924723639784417
0.004757373929590866 0.002754894049243722
0.004757373929590866 0.0026709294444724734
0.004761904761904762 0.0027050164987265464
0.0051813471502590676 0.002574983924065748
0.005847953216374269 0.002966664266986313
0.005847953216374269 0.00292674681940006
0.005847953216374269 0.0029178315401340218
0.005847953216374269 0.0029128812519413866
0.005847953216374269 0.003199382241563388
0.005847953216374269 0.00349262199710143
0.005847953216374269 0.003895934584170545
0.006648936170212766 0.004240241155289404
0.006648936170212766 0.00416497927048686
0.006648936170212766 0.004412146430888171
0.006648936170212766 0.004819007514017392
0.006648936170212766 0.005107714124283647
0.006648936170212766 0.0043136359188280715
0.00697350069735007 0.004389695798981727
0.00697350069735007 0.00449961282704334
0.007692307692307693 0.004314164701622252
0.007692307692307693 0.0044616251698237795
0.007692307692307693 0.003938987513130191
0.007692307692307693 0.003941000899046969
0.007692307692307693 0.0041870838711911195
0.007692307692307693 0.0041989008697508245
0.007692307692307693 0.004233545585402734
0.007692307692307693 0.004619034569518029
0.007692307692307693 0.0050214328160556754
0.007692307692307693 0.005071968108047788
0.007692307692307693 0.005321112296532598
0.007692307692307693 0.005959944739904043
0.007692307692307693 0.0061053062709420965
0.007692307692307693 0.00601960623148757
0.007692307692307693 0.006003737654949991
0.007692307692307693 0.0059490239367950976
0.007692307692307693 0.005605996658914879
0.007692307692307693 0.00600267632945029
0.007692307692307693 0.005947092308501091
0.007692307692307693 0.005927324834416649
0.0077279752704791345 0.006178653947155942
0.0077279752704791345 0.006351312594966735
0.0077279752704791345 0.00580808852896382
0.0077279752704791345 0.005807392331142498
0.0077279752704791345 0.005973736201228837
0.008880994671403198 0.0059454724838069175
0.008880994671403198 0.005933014987042878
0.009009009009009009 0.0055961738441396075
0.010101010101010102 0.005408061528887812
0.010752688172043012 0.005250782168468855
0.010752688172043012 0.004886650329945516
0.010752688172043012 0.004865018062088037
0.010752688172043012 0.00554841663863287
0.010752688172043012 0.006950853923510158
0.010752688172043012 0.00706444074124154
0.010752688172043012 0.006853142745216116
0.010752688172043012 0.006676294724645396
0.010752688172043012 0.007098944390975991
0.010752688172043012 0.007206500378221803
0.010752688172043012 0.007603522364031345
0.010752688172043012 0.008100376702207977
0.010752688172043012 0.008594901981009482
0.011135857461024499 0.008368485981134382
0.011135857461024499 0.007417638049222398
0.011135857461024499 0.007037956934831532
0.011135857461024499 0.007126600899028977
0.011135857461024499 0.008283102169105955
0.011135857461024499 0.008600549773138871
0.011135857461024499 0.008499060644330213
0.011135857461024499 0.008424497153962091
0.011135857461024499 0.007947209435149323
0.011135857461024499 0.00770308948766343
0.011135857461024499 0.007203615795723567
0.011135857461024499 0.007226117677205977
0.011135857461024499 0.0076975578849650065
0.011135857461024499 0.0074610096064029385
0.011135857461024499 0.0074533905036571505
0.011135857461024499 0.00772936855784856
0.011135857461024499 0.008311896318422718
0.011135857461024499 0.008248529338702683
0.011135857461024499 0.00847002909010285
0.011135857461024499 0.00818592885943626
0.011135857461024499 0.008579479016180166
0.011135857461024499 0.00844924568748241
0.011160714285714286 0.008289139794565952
0.011160714285714286 0.008804155139079669
0.011210762331838564 0.00811306106684309
0.011210762331838564 0.00833837738060067
0.011210762331838564 0.007866778925960901
0.011210762331838564 0.007055694108600743
0.011210762331838564 0.006308319610844676
0.011210762331838564 0.006582111094905375
0.011210762331838564 0.007081203609236179
0.011312217194570135 0.008292110332266891
0.011312217194570135 0.0077705927518013475
0.011312217194570135 0.007174992036772249
0.011312217194570135 0.007887503491416205
0.011312217194570135 0.00811911308802381
0.011312217194570135 0.00799499015292029
0.011312217194570135 0.0076056490270430335
0.011312217194570135 0.008161465775960141
0.011312217194570135 0.00809764283790621
0.012953367875647668 0.007695851969582802
0.012953367875647668 0.00865474648851527
0.012953367875647668 0.008174771837560053
0.012953367875647668 0.007441392964938662
0.012953367875647668 0.007848657481507317
0.012953367875647668 0.008227281384172785
0.012953367875647668 0.00852010191895043
0.012953367875647668 0.008509020281652794
0.012953367875647668 0.008635875554256689
0.012953367875647668 0.008900904256704806
0.012953367875647668 0.00918703132228835
0.012953367875647668 0.009229218295089174
0.012953367875647668 0.00936812653231553
0.012953367875647668 0.010280778659157237
0.012953367875647668 0.009718148209979396
0.012953367875647668 0.00970504970300679
0.012953367875647668 0.010479570232923788
0.012953367875647668 0.010202113052220269
0.012953367875647668 0.01119378797267723
0.012953367875647668 0.01009245871027174
0.012953367875647668 0.010922720830508732
0.012953367875647668 0.010051457987692731
0.012953367875647668 0.009582700960195643
0.012953367875647668 0.01010061504627482
0.012953367875647668 0.010116003563884224
0.012953367875647668 0.010411255708761908
0.012953367875647668 0.010037508237969972
0.012953367875647668 0.009338884363639126
0.012953367875647668 0.01034811968883615
0.012953367875647668 0.009457788080718874
0.012953367875647668 0.010495113519438437
0.012953367875647668 0.010837970186308322
0.012953367875647668 0.011377116713738339
0.012953367875647668 0.009971990882313713
0.012953367875647668 0.010088653856571551
0.012953367875647668 0.009282887166911299
0.012953367875647668 0.00944870639207993
0.012953367875647668 0.009555003041278319
0.012953367875647668 0.010294115373087024
0.012953367875647668 0.011134710800861465
0.012953367875647668 0.010674896558673383
0.012953367875647668 0.010432836413436236
0.012953367875647668 0.009380132758582294
0.012953367875647668 0.008450298688105632
0.012953367875647668 0.008889832805132877
0.01557632398753894 0.009849122120042957
0.01557632398753894 0.010415065999567843
0.01557632398753894 0.011278600776957515
0.01557632398753894 0.010678737390477325
0.01557632398753894 0.01051002392703068
0.01557632398753894 0.009470134826612079
0.01557632398753894 0.008621615993696917
0.01557632398753894 0.008347605707504277
0.01557632398753894 0.008007433549521697
0.01557632398753894 0.007166102213796506
0.01557632398753894 0.007745143324785968
0.01557632398753894 0.007182041738552641
0.01557632398753894 0.007269934044704095
0.01557632398753894 0.007824211428623249
0.01557632398753894 0.007754352482914522
0.01557632398753894 0.008956132939763228
0.01557632398753894 0.009818465486195306
0.01557632398753894 0.008583132444832952
0.01557632398753894 0.009165500411242478
0.01557632398753894 0.010704557437377799
0.01557632398753894 0.010594452430603246
0.01557632398753894 0.011589037111433777
0.01557632398753894 0.012052214662850811
0.01557632398753894 0.009598188231534006
0.01557632398753894 0.009873501812478565
0.01557632398753894 0.009341948702239311
0.01557632398753894 0.00925504318680646
0.01557632398753894 0.011033252295688837
0.01557632398753894 0.012047209332231188
0.01557632398753894 0.01018480892877171
0.01557632398753894 0.01094569136160069
0.01557632398753894 0.012647194948583637
0.01557632398753894 0.012992174519744746
0.01557632398753894 0.011555012440565778
0.01557632398753894 0.011154274586270685
0.01557632398753894 0.011890451446306835
0.01557632398753894 0.011948437643433998
0.01557632398753894 0.011102300602401092
0.01557632398753894 0.011039760459322801
0.01557632398753894 0.01151189037511136
0.015625 0.010476576181036567
0.015625 0.011011122657528858
0.015625 0.011694710429340048
0.015625 0.01106489260000996
0.015625 0.01138108345663282
0.021929824561403508 0.010210597822979466
0.021929824561403508 0.01150535885115707
0.021929824561403508 0.012031762899643887
0.021929824561403508 0.011799137479232604
0.021929824561403508 0.012171330931921825
0.021929824561403508 0.012374605250443262
0.021929824561403508 0.011609446871783929
0.021929824561403508 0.011962363784264848
0.021929824561403508 0.014224709859251797
0.021929824561403508 0.015616942138460977
0.021929824561403508 0.017460110993864717
0.021929824561403508 0.016849879113974047
0.021929824561403508 0.016599370406484706
0.021929824561403508 0.015793608925801835
0.021929824561403508 0.016868499170877144
0.021929824561403508 0.016806702748477925
0.021929824561403508 0.017814450393937618
0.021929824561403508 0.016813713566432614
0.021929824561403508 0.013825520371114414
0.021929824561403508 0.014532328501148445
0.021929824561403508 0.01497726200323899
0.021929824561403508 0.014940989696870837
0.021929824561403508 0.01616126713269602
0.021929824561403508 0.015876584808078888
0.021929824561403508 0.01574958628475079
0.021929824561403508 0.016585080140302938
0.021929824561403508 0.015937244357812592
0.021929824561403508 0.018469883733088485
0.021929824561403508 0.018714533119983338
0.021929824561403508 0.01725165008004777
0.021929824561403508 0.016820592079227394
0.021929824561403508 0.017358392084270702
0.021929824561403508 0.01720425608021724
0.021929824561403508 0.01818229747467172
0.021929824561403508 0.01528933007886101
0.021929824561403508 0.015544376218324812
0.021929824561403508 0.014500553613269828
0.021929824561403508 0.014609585899920355
0.021929824561403508 0.014585184633798112
0.021929824561403508 0.01669477161463858
0.021929824561403508 0.018284307867124136
0.021929824561403508 0.018524342496850706
0.021929824561403508 0.01752001474695601
0.021929824561403508 0.015644135699387073
0.021929824561403508 0.01662974373583347
0.021929824561403508 0.01731914738917623
0.021929824561403508 0.016860052909541214
0.021929824561403508 0.015385137807719142
0.025252525252525252 0.015170238218817309
0.025252525252525252 0.015989235691494366
0.025252525252525252 0.016346303568174084
0.025252525252525252 0.013498735610516273
0.025252525252525252 0.014653623276159716
0.025252525252525252 0.015325530719985965
0.025252525252525252 0.014929808287324138
0.025252525252525252 0.017334292278298802
0.025252525252525252 0.017778033047945292
0.025252525252525252 0.018959962380345908
0.025252525252525252 0.02045452894384205
0.025252525252525252 0.01769011745734393
0.025252525252525252 0.020081008136528543
0.025252525252525252 0.017708204658788237
0.025252525252525252 0.01671091863978994
0.025252525252525252 0.018067008884278493
0.025252525252525252 0.018634312941380713
0.025252525252525252 0.018909898859238335
0.025252525252525252 0.019494590443645748
0.025252525252525252 0.019200893657049876
0.025252525252525252 0.017807102875140507
0.025252525252525252 0.01864264074123112
0.025252525252525252 0.017026174557259847
0.025252525252525252 0.01646424987470047
0.025252525252525252 0.018389570889944383
0.025252525252525252 0.019229485577924626
0.025252525252525252 0.018841854672004697
0.025252525252525252 0.018384643630447325
0.025252525252525252 0.018659293160124907
0.025252525252525252 0.01847765501205938
0.025252525252525252 0.018974085631273438
0.025252525252525252 0.019195821058072753
0.025252525252525252 0.018690282959292055
0.025252525252525252 0.018755069509340826
0.025252525252525252 0.01842996459253123
0.025252525252525252 0.019915961733369857
0.025252525252525252 0.018956327759847208
0.025252525252525252 0.01813729749993336
0.025252525252525252 0.017273281581424636
0.025252525252525252 0.016692973028296518
0.025252525252525252 0.0165337270945524
0.025252525252525252 0.017578557402249426
0.025252525252525252 0.019907447744574872
0.025252525252525252 0.01944348827227348
0.025252525252525252 0.01807538506208419
0.025252525252525252 0.018792410065029436
0.025252525252525252 0.018167603688934775
0.025252525252525252 0.016568964350319428
0.025252525252525252 0.014842081285514194
0.025252525252525252 0.015652726164212736
0.025252525252525252 0.017531916122802978
0.025252525252525252 0.01871539805483592
0.025252525252525252 0.016681469603958346
0.025252525252525252 0.015767850612831553
0.025252525252525252 0.016030549852879605
0.025252525252525252 0.01784022840625036
0.025252525252525252 0.017367352421757992
0.025252525252525252 0.017954727962183444
0.025252525252525252 0.018340943577407082
0.025252525252525252 0.017995336045665646
0.025252525252525252 0.018404099055806054
0.025252525252525252 0.017252691109460625
0.025252525252525252 0.019727256899101358
0.025252525252525252 0.018167817248882577
0.025252525252525252 0.020287661814073724
0.025252525252525252 0.019284884161251646
0.025252525252525252 0.018648402998393727
0.025252525252525252 0.016991282155439828
0.025252525252525252 0.018334566558269903
0.025252525252525252 0.018903419918019436
0.025252525252525252 0.01991164724062784
0.025252525252525252 0.018575923223944336
0.025252525252525252 0.019503956165813994
0.025252525252525252 0.018241471945300278
0.025252525252525252 0.019016971098928425
0.025252525252525252 0.016111074815876456
0.025252525252525252 0.015112148337462177
0.025252525252525252 0.018856580492855237
0.025252525252525252 0.019760781060592016
0.025252525252525252 0.01924448599531567
0.025252525252525252 0.016861873216140407
0.025252525252525252 0.016954995523988308
0.025252525252525252 0.017566519355565913
0.025252525252525252 0.018139607673642925
0.02564102564102564 0.01721957503007477
0.02564102564102564 0.015979422588104458
0.02564102564102564 0.017088309043055736
0.02564102564102564 0.01626881791244786
0.02564102564102564 0.016370277240960584
0.02564102564102564 0.016003694761828096
0.02564102564102564 0.017859316312400952
0.02564102564102564 0.01289256382613718
0.02564102564102564 0.013068739226792265
0.02564102564102564 0.012699044295137905
0.02564102564102564 0.015718560904136397
0.02564102564102564 0.0171281353917958
0.02564102564102564 0.017355549862423797
0.02564102564102564 0.017496234241826697
0.02564102564102564 0.019744517560786438
0.02564102564102564 0.0196357388490309
0.02564102564102564 0.01891401446272687
0.02564102564102564 0.018535508919781517
0.02564102564102564 0.01710675282830461
0.02564102564102564 0.01730275758132188
0.02564102564102564 0.01826369000096749
0.02564102564102564 0.020584679424317864
0.02564102564102564 0.01996986131812916
0.02564102564102564 0.018750202928050276
0.02564102564102564 0.01759854883922572
0.02564102564102564 0.017010924842888117
0.02564102564102564 0.017929059683896305
0.02564102564102564 0.01884564933969291
0.02564102564102564 0.018712843827149373
0.02564102564102564 0.020772183089243498
0.02564102564102564 0.02010136702344752
0.02564102564102564 0.02076880822282828
0.02564102564102564 0.022495008969305456
0.02564102564102564 0.019438283300873924
0.02564102564102564 0.017449098430842656
0.02564102564102564 0.018867293373607756
0.02564102564102564 0.01767290115171712
0.02564102564102564 0.020323368869087543
0.02564102564102564 0.020251709546107086
0.02564102564102564 0.019152876307975956
0.02564102564102564 0.01835128600447658
0.02564102564102564 0.019052126480795017
0.02564102564102564 0.017412138581548792
0.02564102564102564 0.01868348503913358
0.02564102564102564 0.018037464251010944
0.02564102564102564 0.017091815014169835
0.02564102564102564 0.020127812989106
0.02564102564102564 0.020466454503428176
0.02564102564102564 0.020220722760609287
0.02564102564102564 0.019880970482302786
0.02564102564102564 0.019842324342771965
0.02564102564102564 0.01787021863503127
0.02564102564102564 0.019553337224464236
0.02564102564102564 0.019329992172015472
0.02564102564102564 0.016789828626236396
0.02564102564102564 0.019536881576533823
0.02564102564102564 0.019142586430848884
0.02564102564102564 0.02087740333897
0.02564102564102564 0.01792056474948946
0.02564102564102564 0.019541516600478523
0.02564102564102564 0.02009399158931834
0.02564102564102564 0.02035314890675303
0.02564102564102564 0.018714868550233073
0.02564102564102564 0.018406151836768733
0.02564102564102564 0.0182113259184215
0.02564102564102564 0.019568728783587733
0.02564102564102564 0.020007627843385504
0.02564102564102564 0.016825080548081107
0.02564102564102564 0.019499698164869402
0.02564102564102564 0.020147717411857047
0.02564102564102564 0.018825449590456057
0.02564102564102564 0.01631740315651378
0.02564102564102564 0.01684985198660833
0.02564102564102564 0.018644322508839923
0.02564102564102564 0.015787280144186712
0.02564102564102564 0.01618824666883668
0.02564102564102564 0.017980261890591456
0.02564102564102564 0.018455367005240465
0.02564102564102564 0.017893361383819754
0.02564102564102564 0.01698646435304046
0.02564102564102564 0.018190107766927945
0.02564102564102564 0.017599446443582068
0.02564102564102564 0.01833632434969305
0.02564102564102564 0.020092546868478316
0.02564102564102564 0.019943639783644627
0.02564102564102564 0.018825655413611312
0.02564102564102564 0.017876199167186593
0.02564102564102564 0.01819532310493007
0.02564102564102564 0.017403237705010514
0.02564102564102564 0.0178275915864357
0.02564102564102564 0.016422031177622524
0.02564102564102564 0.016133471665650337
0.02564102564102564 0.018087292763994973
0.02564102564102564 0.017518981650372033
0.02564102564102564 0.017665109768755276
0.02564102564102564 0.017487205116643693
0.02564102564102564 0.01817619794511147
0.02564102564102564 0.02264879939650117
0.02564102564102564 0.021642739767469263
0.02564102564102564 0.01986633341633788
0.02564102564102564 0.02030027719781883
0.02564102564102564 0.020243813259057056
0.02564102564102564 0.020394227626557068
0.02564102564102564 0.01851029772108491
0.02564102564102564 0.018970313432375818
0.02564102564102564 0.017722116287376667
0.02564102564102564 0.017259217885279784
0.02564102564102564 0.016069872421184492
0.02564102564102564 0.017350433253530334
0.02564102564102564 0.018042510838920944
0.02564102564102564 0.019657666982955284
0.02564102564102564 0.019756118212624765
0.02564102564102564 0.019133087706869622
0.02564102564102564 0.018214028446475208
0.02564102564102564 0.01811016707120915
0.02564102564102564 0.019059385597828667
0.02564102564102564 0.019909587594818538
0.025773195876288662 0.018112134574082468
0.025773195876288662 0.014915755130119038
0.025773195876288662 0.015254245577414866
0.025773195876288662 0.016754484592986247
0.025773195876288662 0.017243195845946913
0.025773195876288662 0.017028220194118874
0.025773195876288662 0.014808451448526607
0.025773195876288662 0.016961648714549783
0.025773195876288662 0.015177246554469094
0.025773195876288662 0.01566757458402071
0.025773195876288662 0.01764054173297889
0.025773195876288662 0.017848649947888817
0.025773195876288662 0.019603886471066468
0.025773195876288662 0.0187384961171363
0.025773195876288662 0.019292515953834462
0.025773195876288662 0.019134749012985387
0.025773195876288662 0.01921575725376339
0.025773195876288662 0.018700171277634528
0.025773195876288662 0.018667301816529425
0.025773195876288662 0.016483612511778233
0.025773195876288662 0.01790753175099835
0.025773195876288662 0.016313037445274264
0.025773195876288662 0.0183253487657203
0.025906735751295335 0.019917977596338322
0.025906735751295335 0.019461497460963314
0.025906735751295335 0.019732035535825566
0.025906735751295335 0.01820561505950268
0.025906735751295335 0.018035694152464313
0.025906735751295335 0.019085546324331647
0.025906735751295335 0.0156317613950833
0.025906735751295335 0.017017970388976005
0.025906735751295335 0.01794852128275728
0.025906735751295335 0.01746297973819577
0.025906735751295335 0.01750856610304795
0.025906735751295335 0.016355336729594324
0.025906735751295335 0.017363196488863933
0.025906735751295335 0.01910183962325413
0.025906735751295335 0.019439758474901193
0.025906735751295335 0.01999772383437454
0.025906735751295335 0.018490118340780407
0.025906735751295335 0.018140832107971405
0.025906735751295335 0.01907062676865041
0.025906735751295335 0.02018830677301772
0.025906735751295335 0.01681128269493276
0.025906735751295335 0.018265922357577548
0.025906735751295335 0.0205037003634201
0.025906735751295335 0.0206765337116817
0.025906735751295335 0.01967283414584218
0.025906735751295335 0.018965887717695296
0.025906735751295335 0.017493083951334323
0.025906735751295335 0.01800020974852923
0.025906735751295335 0.018755555240764596
0.025906735751295335 0.019250502829683557
0.025906735751295335 0.020230041558154624
0.025906735751295335 0.019098556320124572
0.025906735751295335 0.018807926941929582
0.025906735751295335 0.01630461137555817
0.025906735751295335 0.01989541781586478
0.025906735751295335 0.01902355788224761
0.025906735751295335 0.01732009315273938
0.025906735751295335 0.01699537111435639
0.025906735751295335 0.01769693009314438
0.025906735751295335 0.019083761727655225
0.025906735751295335 0.017890585887294363
0.025906735751295335 0.018092393088142585
0.025906735751295335 0.01980592920046449
0.025906735751295335 0.01913426738934322
0.025906735751295335 0.019230909470633165
0.025906735751295335 0.018592225363650305
0.025906735751295335 0.01673944125500038
0.025906735751295335 0.019081764837659426
0.025906735751295335 0.01954655019653456
0.025906735751295335 0.01929680163797731
0.025906735751295335 0.018733637669896656
0.025906735751295335 0.01990873652522482
0.025906735751295335 0.018517753593419322
0.025906735751295335 0.017697956248103035
0.025906735751295335 0.018404584557826852
0.025906735751295335 0.015818442095795252
0.025906735751295335 0.017893876156589855
0.025906735751295335 0.018997101042490184
0.025906735751295335 0.017864878008850168
0.025906735751295335 0.019415837315986808
0.025906735751295335 0.018724909028664742
0.025906735751295335 0.017359730013336905
0.025906735751295335 0.01817504801901947
0.025906735751295335 0.019743020666254385
0.025906735751295335 0.02125873250818302
0.025906735751295335 0.020915279453492523
0.025906735751295335 0.020211252251546026
0.025906735751295335 0.01894266869894946
0.025906735751295335 0.018697836391246312
0.025906735751295335 0.01756688388875002
0.025906735751295335 0.017568259330736063
0.025906735751295335 0.019477968420086023
0.025906735751295335 0.017358229918300508
0.025906735751295335 0.013479232051289102
0.025906735751295335 0.014896654988811363
0.025906735751295335 0.015185825397317602
0.025906735751295335 0.014041320090644687
0.025906735751295335 0.014718152045217814
0.025906735751295335 0.017935614006995705
0.025906735751295335 0.017945458471535003
0.025906735751295335 0.0204073767843491
0.025906735751295335 0.021825775554617736
0.026178010471204185 0.02075366667566485
0.026178010471204185 0.021543451572926153
0.026178010471204185 0.018759421594609423
0.026178010471204185 0.01612329286425838
0.026178010471204185 0.01564669236301679
0.026178010471204185 0.01345154647437305
0.026178010471204185 0.01506308889722674
0.026178010471204185 0.01420590804669738
0.026178010471204185 0.015860184373807495
0.026178010471204185 0.013995296767185167
0.026178010471204185 0.0170981932314147
0.026178010471204185 0.01761079421186642
0.026178010471204185 0.015845722430190633
0.026178010471204185 0.018451616775864807
0.026178010471204185 0.01744606167021981
0.026178010471204185 0.018215822233656875
0.026178010471204185 0.01911358816216532
0.026178010471204185 0.02136038816483456
0.026178010471204185 0.02232561656015779
0.026178010471204185 0.01932525750455254
0.026178010471204185 0.018034342991405078
0.026178010471204185 0.019910448979900894
0.026178010471204185 0.019788521669083087
0.026178010471204185 0.020647202128026013
0.026178010471204185 0.019810887959034008
0.026178010471204185 0.020955613091368498
0.026178010471204185 0.018296941284965437
0.026178010471204185 0.017581124548482367
0.026178010471204185 0.017770565554303938
0.026178010471204185 0.019291571828180837
0.026178010471204185 0.01899345900895611
0.026178010471204185 0.01603252524781436
0.026178010471204185 0.01598379517862671
0.026178010471204185 0.017334043009716506
0.026178010471204185 0.019353939147758095
0.026178010471204185 0.017374866771019837
0.026178010471204185 0.015090611390068844
0.026178010471204185 0.016573015128264156
0.026178010471204185 0.017161708897078014
0.026178010471204185 0.01806518431134197
0.026178010471204185 0.01601209309953972
0.026178010471204185 0.0169036876122923
0.026178010471204185 0.018371782452633056
0.026178010471204185 0.017676553980532046
0.026178010471204185 0.018645127646385613
0.026178010471204185 0.015078914477935915
0.026178010471204185 0.01627929007703862
0.026178010471204185 0.01641338219902137
0.026178010471204185 0.017120894552527643
0.026178010471204185 0.01798890294273586
0.026178010471204185 0.020207231165945645
0.026178010471204185 0.021273462604478037
0.026178010471204185 0.02125892269102087
0.026178010471204185 0.01996808342185342
0.026178010471204185 0.020000338454866658
0.026178010471204185 0.019526260777398375
0.026178010471204185 0.018894512919755933
0.026178010471204185 0.017524940364656436
0.026178010471204185 0.016565300594015286
0.026178010471204185 0.017594199348369165
0.026178010471204185 0.019380511624578274
0.026178010471204185 0.01972651609168301
0.026178010471204185 0.02165537071784971
0.026178010471204185 0.019540980097591976
0.026178010471204185 0.01949304305420151
0.026178010471204185 0.01911380386638862
0.026178010471204185 0.019480415390829155
0.026178010471204185 0.017734350544430216
0.026178010471204185 0.0184594048183681
0.026178010471204185 0.019302051642905944
0.026178010471204185 0.017290501315267996
0.02631578947368421 0.018371961340385195
0.02631578947368421 0.018742125423647605
0.02631578947368421 0.017118080933384416
0.02631578947368421 0.017275088732533903
0.026455026455026457 0.018839499904715507
0.026455026455026457 0.01736470891090193
0.026455026455026457 0.016969156524975753
0.026455026455026457 0.017143474757869363
0.026455026455026457 0.017947144462628007
0.026455026455026457 0.016784394522659972
0.026455026455026457 0.017206039793073856
0.026455026455026457 0.0168053817598513
0.026455026455026457 0.01750269986674123
0.028089887640449437 0.0172816778901429
0.028089887640449437 0.017559894943128297
0.028089887640449437 0.01655548094274642
0.028089887640449437 0.017516089327064333
0.028089887640449437 0.016695382754969484
0.028089887640449437 0.016541717209463114
0.028089887640449437 0.0188285234069281
0.028089887640449437 0.018245305215687735
0.028089887640449437 0.02030589414806881
0.028089887640449437 0.019523189714623336
0.028089887640449437 0.018561221147026942
0.028089887640449437 0.017462647544888115
0.028089887640449437 0.017308986699754992
0.028089887640449437 0.0204902633560217
0.028089887640449437 0.019907954483904883
0.028089887640449437 0.019348966396355954
0.028089887640449437 0.02122607943015464
0.028089887640449437 0.02055356680166862
0.028089887640449437 0.020770944485325404
0.028089887640449437 0.01923521126345336
0.028089887640449437 0.020819537825915013
0.028089887640449437 0.020413486204428684
0.028089887640449437 0.0181537577310342
0.028089887640449437 0.0214236148648848
0.028089887640449437 0.02057106984453137
0.028089887640449437 0.02074862051517577
0.028089887640449437 0.019133753380122014
0.028089887640449437 0.015047801243120804
0.028089887640449437 0.017457835815557182
0.028089887640449437 0.018157948773315735
0.028089887640449437 0.017979477595765847
0.028089887640449437 0.019166439883418308
0.028089887640449437 0.020568170445801053
0.028089887640449437 0.021104827428703916
0.028089887640449437 0.021996828602436798
0.028089887640449437 0.020216303467667347
0.028089887640449437 0.02482276495533155
0.028089887640449437 0.021339827149306073
0.028089887640449437 0.021043818261482234
0.028089887640449437 0.02049761941156242
0.028089887640449437 0.02302845056170985
0.028089887640449437 0.022731173198511333
0.028089887640449437 0.020948000821211177
0.028089887640449437 0.018981947469905506
0.028089887640449437 0.020296764829054226
0.029069767441860465 0.022186688659428026
0.029069767441860465 0.0176363522345505
0.029069767441860465 0.0175873337579608
0.029069767441860465 0.019848368118853266
0.029069767441860465 0.020815351577371133
0.029069767441860465 0.01846311067322987
0.029069767441860465 0.018381790376192766
0.029069767441860465 0.0163020553503547
0.029069767441860465 0.014385174657307131
0.029069767441860465 0.017450592952801804
0.029069767441860465 0.015677340496183412
0.029069767441860465 0.014939118722257515
0.029069767441860465 0.016589644588292946
0.029069767441860465 0.020137124120016232
0.029069767441860465 0.02005079910393045
0.029069767441860465 0.019705348427079404
0.029069767441860465 0.01857045536807497
0.029069767441860465 0.019610503863586877
0.029069767441860465 0.01890836027600206
0.029069767441860465 0.02035831321787128
0.029069767441860465 0.0189150926576698
0.029069767441860465 0.021247143752593817
0.029069767441860465 0.022027915885285555
0.029069767441860465 0.020791615970041987
0.029069767441860465 0.02093003446263143
0.029069767441860465 0.021434587079577586
0.029069767441860465 0.022245066664252456
0.029069767441860465 0.022323470586896467
0.029069767441860465 0.022791079148604107
0.029069767441860465 0.02390005736935987
0.029069767441860465 0.022777072962721297
0.029069767441860465 0.022784948426357966
0.029069767441860465 0.022118850071993844
0.029069767441860465 0.02449611996177386
0.04065040650406504 0.022765383938928567
0.04065040650406504 0.020938042313608917
0.04065040650406504 0.020603841260908484
0.04065040650406504 0.021627979066488716
0.04065040650406504 0.022632641219677146
0.04065040650406504 0.022736266211405072
0.04065040650406504 0.023082701218040493
0.04065040650406504 0.023793964643625733
0.04065040650406504 0.026249088860044453
0.04065040650406504 0.029334439089862267
0.04065040650406504 0.030958889226605942
0.04065040650406504 0.030751313455608848
0.04065040650406504 0.03389078782697036
0.04065040650406504 0.03126111744652301
0.04065040650406504 0.03076820764257404
0.04065040650406504 0.03140414300100466
0.04065040650406504 0.028655926027536714
0.04065040650406504 0.03068150385398598
0.04065040650406504 0.03173480041748497
0.04065040650406504 0.03173641489572218
0.04065040650406504 0.03229890149968076
0.04065040650406504 0.029171561725653005
0.04065040650406504 0.026951587288759963
0.04065040650406504 0.02987061855538068
0.04065040650406504 0.02991617070131579
0.04065040650406504 0.0316840509933431
0.04065040650406504 0.030976574198676148
0.04065040650406504 0.028378079857018856
0.04065040650406504 0.030479237589780286
0.04065040650406504 0.02958044174880848
0.04065040650406504 0.028716299422051582
0.04065040650406504 0.031081858712525428
0.04065040650406504 0.02931016212571878
0.04065040650406504 0.02904708350797681
0.04065040650406504 0.028573537126486193
0.04065040650406504 0.028441002351568344
0.04065040650406504 0.02712816292159653
0.04065040650406504 0.025432432813174505
0.04065040650406504 0.030991403060144144
0.04065040650406504 0.025977504070407217
0.04065040650406504 0.027188441638049222
0.04065040650406504 0.027947665818004435
0.04065040650406504 0.030085707030449493
0.04065040650406504 0.030186113592873882
0.04065040650406504 0.028821855770102326
0.04065040650406504 0.03086291360903495
0.04065040650406504 0.031084415494081117
0.04065040650406504 0.030009710199310355
0.04065040650406504 0.0283615925434479
0.04065040650406504 0.030662378816159647
0.04065040650406504 0.030410548724280898
0.04065040650406504 0.03076409869967658
0.04065040650406504 0.031414045256299435
0.04065040650406504 0.03216883422935772
0.04065040650406504 0.0324804117738757
0.04065040650406504 0.030599873837953033
0.04065040650406504 0.02785462000676007
0.04065040650406504 0.030159665341660112
0.04065040650406504 0.029834667946947814
0.04065040650406504 0.028395613797904003
0.04065040650406504 0.02822518524993142
0.04065040650406504 0.02746106480799822
0.04065040650406504 0.029971427797677343
0.04065040650406504 0.027125318080580513
0.04065040650406504 0.030512117901363173
0.04065040650406504 0.03315792490630393
0.04065040650406504 0.03145146886701501
0.04065040650406504 0.03244201814652772
0.04065040650406504 0.028342084253334527
0.04065040650406504 0.029624147538183696
0.04065040650406504 0.02879752950446689
0.04065040650406504 0.028069680940980953
0.04065040650406504 0.02869457978364414
0.04065040650406504 0.029031984024228723
0.04065040650406504 0.027099018644364235
0.04065040650406504 0.027233019495197935
0.04065040650406504 0.028407062794988343
0.04065040650406504 0.02835359209044073
0.04065040650406504 0.02717217816610228
0.04065040650406504 0.023904460498878757
0.04065040650406504 0.02698638204852596
0.04065040650406504 0.027659494127991114
0.04132231404958678 0.025734496199988435
0.04132231404958678 0.025765885914850847
0.04132231404958678 0.03184201690560976
0.04132231404958678 0.0277162552552534
0.04132231404958678 0.028612019747966008
0.04132231404958678 0.025966380868905653
0.04132231404958678 0.02679862227387324
0.04132231404958678 0.02661939082452812
0.04132231404958678 0.028847892688032308
0.04132231404958678 0.027854500992668778
0.04132231404958678 0.024639695127239316
0.04132231404958678 0.025176571293714117
0.04132231404958678 0.026620432945983066
0.04132231404958678 0.02504576041685909
0.04132231404958678 0.027272858662416355
0.04132231404958678 0.02898670259570809
0.04132231404958678 0.03021303542851876
0.04132231404958678 0.03128080030719977
0.04132231404958678 0.028676471310710015
0.04132231404958678 0.03161361346829128
0.04132231404958678 0.0313092047102123
0.04132231404958678 0.026824801466557892
0.04132231404958678 0.031072002693480077
0.04132231404958678 0.032423559777662404
0.04132231404958678 0.03196291459969915
0.04132231404958678 0.03065136277656396
0.04132231404958678 0.029621104341244042
0.04132231404958678 0.032880614175779345
0.04132231404958678 0.029075240765904342
0.04132231404958678 0.0326745478775044
0.04132231404958678 0.028920913806371046
0.04132231404958678 0.028604990844187154
0.04132231404958678 0.028400974237121922
0.04132231404958678 0.03275852313671219
0.04132231404958678 0.031437221782398675
0.04132231404958678 0.028382284830375054
0.04132231404958678 0.028997776851221742
0.04132231404958678 0.028479254643654528
0.04132231404958678 0.03129724332399968
0.04132231404958678 0.031193721121170373
0.04132231404958678 0.030651809982655914
0.04132231404958678 0.026428735063393865
0.04132231404958678 0.026260642689006675
0.04132231404958678 0.02493205414136564
0.04132231404958678 0.027813651440620188
0.04132231404958678 0.02816179431723388
0.04132231404958678 0.029358054778678606
0.04132231404958678 0.02881539784501561
0.04132231404958678 0.03371839961942301
0.04132231404958678 0.027272010730548777
0.04132231404958678 0.02742399562683016
0.04132231404958678 0.02945109937530469
0.04132231404958678 0.029146902516431247
0.04132231404958678 0.0292467686133122
0.04132231404958678 0.029634082479396993
0.04132231404958678 0.029690274887992366
0.04132231404958678 0.030432266274069676
0.04132231404958678 0.028459989787551054
0.04132231404958678 0.028906554490907246
0.04132231404958678 0.03029839850717951
0.04132231404958678 0.032609200011116266
0.04132231404958678 0.03199851007574146
0.04132231404958678 0.033128811657213104
0.04132231404958678 0.032606475058822734
0.04132231404958678 0.028973329554313403
0.04132231404958678 0.027913993436286928
0.04132231404958678 0.027730504257209982
0.04132231404958678 0.02978144943186887
0.04132231404958678 0.03356305928793017
0.04132231404958678 0.03226314528481245
0.04132231404958678 0.03239812543299302
0.04132231404958678 0.0333667432667174
0.04132231404958678 0.032517882277888134
0.04132231404958678 0.031001102671966693
0.04132231404958678 0.030241651772431235
0.04132231404958678 0.033899473925824604
0.04132231404958678 0.029589244013255078
0.04132231404958678 0.02910715317742587
0.04132231404958678 0.030094827199585027
0.04132231404958678 0.03341823910203808
0.04132231404958678 0.03147241206881681
0.04132231404958678 0.03095593903609204
0.04132231404958678 0.030013260653788492
0.04132231404958678 0.02528337921544475
0.04132231404958678 0.03255021402990118
0.04132231404958678 0.032433927099452795
0.04132231404958678 0.02931132558407118
0.04132231404958678 0.03241633929187438
0.04132231404958678 0.02854970539398641
0.04132231404958678 0.025979083213348183
0.04132231404958678 0.029437188163262344
0.04132231404958678 0.030653966583542996
0.04132231404958678 0.03068131899284431
0.04132231404958678 0.03100322714702335
0.04132231404958678 0.02874462237068984
0.04132231404958678 0.028661994117555246
0.04132231404958678 0.02732696364535874
0.04132231404958678 0.023855990907754532
0.04132231404958678 0.024211891998934976
0.04132231404958678 0.027148633412258906
0.04132231404958678 0.023553684284474324
0.04132231404958678 0.0289409248856617
0.04132231404958678 0.03011754916026067
0.04132231404958678 0.028482512955222725
0.04132231404958678 0.0311498541502315
0.04132231404958678 0.03153842466421007
0.04132231404958678 0.0314108926864129
0.04132231404958678 0.031415057570107985
0.04132231404958678 0.0351262551900961
0.04132231404958678 0.031645686428350965
0.04132231404958678 0.03155771066460782
0.04132231404958678 0.0320017559674399
0.04132231404958678 0.031162890336795687
0.04132231404958678 0.02725809919205272
0.04132231404958678 0.029998107460289226
0.04132231404958678 0.030749101180143987
0.04132231404958678 0.03143076785291487
0.04132231404958678 0.030679273004538453
0.04132231404958678 0.0321444777714654
0.04132231404958678 0.03065324168269189
0.04132231404958678 0.03162086631994294
0.04132231404958678 0.0285851164837543
0.04132231404958678 0.029892847866552053
0.04132231404958678 0.0325323817246269
0.04132231404958678 0.033298874797729944
0.04132231404958678 0.030352519969625028
0.04132231404958678 0.03037672418379182
0.04132231404958678 0.02730130516680206
0.04132231404958678 0.03246945871896809
0.04132231404958678 0.03234164387180061
0.04132231404958678 0.030440777339711747
0.04132231404958678 0.032574693650002935
0.04132231404958678 0.03359005420595343
0.04132231404958678 0.02901627410584449
0.04132231404958678 0.03261306120971633
0.04132231404958678 0.03325706974401098
0.04132231404958678 0.02859032499978767
0.04132231404958678 0.027856684778254124
0.04132231404958678 0.02845502728831826
0.04132231404958678 0.026963460019879894
0.04132231404958678 0.02944728661913936
0.04132231404958678 0.03184374049164285
0.04132231404958678 0.028370633758588438
0.04132231404958678 0.02871543597803382
0.04132231404958678 0.027482220513665983
0.04132231404958678 0.031261725665978575
0.04132231404958678 0.03318840728224567
0.04132231404958678 0.03314284948696122
0.04132231404958678 0.0333717811714217
0.04132231404958678 0.0292097608219922
0.04132231404958678 0.027100960344373683
0.04132231404958678 0.03087964323343282
0.04132231404958678 0.03357520632223846
0.04132231404958678 0.030646167596556417
0.04132231404958678 0.031239981318487035
0.04132231404958678 0.029078588524779406
0.04132231404958678 0.030353821883039225
0.04132231404958678 0.0303139416387795
0.04132231404958678 0.02916104477240318
0.04132231404958678 0.02941986709286877
0.04132231404958678 0.029533058482464562
0.04132231404958678 0.0309383199939737
0.04132231404958678 0.027009793316251203
0.04132231404958678 0.03152527545702381
0.04132231404958678 0.034875388712967824
0.04132231404958678 0.03383567322695656
0.04132231404958678 0.0318926003401474
0.04132231404958678 0.03255088975148139
0.04132231404958678 0.031078971679166734
0.04132231404958678 0.03181843325797369
0.04132231404958678 0.028035418752394632
0.04132231404958678 0.030096886691099306
0.04132231404958678 0.03080538780907996
0.04132231404958678 0.029933164775449883
0.04132231404958678 0.02963523236980886
0.04132231404958678 0.03155256991445523
0.04132231404958678 0.028385197588697328
0.04132231404958678 0.03160014409119719
0.04132231404958678 0.030370243439473293
0.04132231404958678 0.03211566591188717
0.04132231404958678 0.03302888900939788
0.04132231404958678 0.02763464540368135
0.04132231404958678 0.028197571052656217
