7.19527989638797E-4 4.0244523673134663E-4
7.19527989638797E-4 4.592258783441468E-4
9.264406151565684E-4 4.853589009493361E-4
9.750390015600624E-4 5.221776870688862E-4
9.750390015600624E-4 5.747744455225568E-4
9.750390015600624E-4 6.484788341821167E-4
0.0013075313807531382 7.363044086850192E-4
0.0017599436818021821 8.151823180636467E-4
0.0017599436818021821 9.420330379403458E-4
0.0017599436818021821 0.001033426034799066
0.0017599436818021821 0.0011500681434082835
0.0018477457501847744 0.0011924066972711957
0.0020859407592824365 0.0013101834531987532
0.0020859407592824365 0.001351654136746112
0.0021026072329688814 0.0013934908808725616
0.002117746717492588 0.0014765081403053247
0.0023618327822390174 0.0016195760192363874
0.0023618327822390174 0.0016465906065921217
0.003894080996884735 0.0016913759238521833
0.003894080996884735 0.0016505642814011751
0.003894080996884735 0.0016739445538246122
0.003894080996884735 0.001806268706656986
0.003894080996884735 0.0019577896502664194
0.003894080996884735 0.002031324638533345
0.003915426781519186 0.0022017441977390897
0.004078303425774878 0.0025376271637948724
0.004340277777777778 0.0025380402428606397
0.004340277777777778 0.002747134122625262
0.004340277777777778 0.0027523346261211896
0.004591368227731864 0.002723486482564535
0.0055005500550055 0.0029107832137220406
0.006157635467980295 0.003175691891569834
0.006369426751592357 0.0032529319810458597
0.006369426751592357 0.0036108085511296624
0.006369426751592357 0.0035281608364134717
0.006369426751592357 0.0039636324250106976
0.006369426751592357 0.004237621442984247
0.007587253414264036 0.003999634536508105
0.007587253414264036 0.0037063923310204543
0.007587253414264036 0.0036623506938279677
0.007587253414264036 0.003530684144038033
0.007587253414264036 0.0038714531712538136
0.007587253414264036 0.003992140368356357
0.007587253414264036 0.0039690394548663075
0.007587253414264036 0.0038029546816684204
0.007587253414264036 0.004103952547479514
0.007587253414264036 0.004258432996661209
0.007587253414264036 0.004646061106262703
0.007587253414264036 0.0044467607288061865
0.007587253414264036 0.004446731175844419
0.007587253414264036 0.004075051043572012
0.007587253414264036 0.003851238348439425
0.007587253414264036 0.0040539284137946835
0.007587253414264036 0.004530843850562398
0.007587253414264036 0.004651979807928263
0.010526315789473684 0.005102757852798987
0.010526315789473684 0.0057252275648994695
0.010526315789473684 0.006257347445492918
0.010526315789473684 0.005838847582005064
0.010526315789473684 0.0059442822731699515
0.010526315789473684 0.00601553138349609
0.010526315789473684 0.005924019350575104
0.010526315789473684 0.005328429409386906
0.010526315789473684 0.00578526255744
0.010526315789473684 0.005980767116702893
0.010526315789473684 0.0066410480805789655
0.010526315789473684 0.007250963169012619
0.010526315789473684 0.007630401575863085
0.010526315789473684 0.00801596691080347
0.010526315789473684 0.00820844186696086
0.010526315789473684 0.00822262644688056
0.010526315789473684 0.007724639079403166
0.010526315789473684 0.008249610034890912
0.010526315789473684 0.008423314848102445
0.010526315789473684 0.009090671833197584
0.010526315789473684 0.008363474164591694
0.010526315789473684 0.008250020425318954
0.010526315789473684 0.008176780519118309
0.010526315789473684 0.008777624050558824
0.010526315789473684 0.008690004282581945
0.010526315789473684 0.008372765066405687
0.010526315789473684 0.008712419842805895
0.010526315789473684 0.009095136671738866
0.010526315789473684 0.007803352071429964
0.010526315789473684 0.008414306532453413
0.010526315789473684 0.008030181209489529
0.010526315789473684 0.00840842023930619
0.010526315789473684 0.007653057108948068
0.010570824524312896 0.007583210952221479
0.010570824524312896 0.0070520670213533605
0.01059322033898305 0.0070758846614715236
0.01059322033898305 0.0069051903995443
0.01059322033898305 0.007612648391059416
0.011160714285714286 0.007525142957960173
0.011160714285714286 0.007938504711373444
0.011160714285714286 0.008023586088745089
0.011160714285714286 0.007243485520130513
0.011160714285714286 0.007943285007463352
0.011160714285714286 0.007264419016873599
0.011160714285714286 0.007901486962885498
0.011160714285714286 0.007421087272398697
0.011160714285714286 0.00707501200502509
0.011160714285714286 0.008483847822050904
0.011160714285714286 0.00924720453202737
0.011160714285714286 0.008401781057205703
0.011160714285714286 0.00749446696786018
0.011160714285714286 0.008144118993080644
0.011160714285714286 0.00784094451833866
0.011160714285714286 0.007394049922569398
0.011160714285714286 0.007883014549739425
0.011160714285714286 0.00844156273764988
0.011160714285714286 0.008477797659124278
0.011160714285714286 0.007586057906043646
0.011160714285714286 0.007637179469439881
0.011160714285714286 0.008271193257883327
0.011160714285714286 0.008159126792363388
0.011160714285714286 0.008118016356284147
0.011160714285714286 0.006702796575982074
0.011160714285714286 0.006870339366232606
0.011160714285714286 0.007523730442837683
0.011261261261261262 0.008650451269381047
0.011261261261261262 0.008559766748117169
0.011261261261261262 0.00776655230717064
0.011261261261261262 0.007819671588898335
0.011261261261261262 0.007754924769789674
0.011261261261261262 0.007713313027905275
0.011261261261261262 0.008171894085078383
0.011261261261261262 0.007931906538396566
0.011261261261261262 0.008338337934683077
0.011261261261261262 0.008337220480848187
0.011312217194570135 0.007199499326062289
0.011312217194570135 0.007437523140700551
0.011312217194570135 0.008138189695369915
0.011312217194570135 0.007916635395425139
0.011312217194570135 0.008058451343412836
0.011312217194570135 0.007013568988606212
0.011312217194570135 0.007282019430589534
0.011990407673860911 0.007589460848662413
0.011990407673860911 0.008404025880663146
0.011990407673860911 0.008002988556660215
0.011990407673860911 0.00859598420994684
0.011990407673860911 0.008995128524166087
0.011990407673860911 0.008543685178104807
0.011990407673860911 0.0091597984461494
0.011990407673860911 0.010606967347346693
0.011990407673860911 0.009470050471393756
0.011990407673860911 0.008843195067323204
0.011990407673860911 0.008632270319754665
0.011990407673860911 0.008064397164479715
0.011990407673860911 0.006628937479884504
0.011990407673860911 0.006745226218859399
0.011990407673860911 0.00819264696740004
0.011990407673860911 0.008565001600944373
0.011990407673860911 0.00925060355644779
0.011990407673860911 0.009791292166459126
0.011990407673860911 0.009899941808596569
0.011990407673860911 0.008976985523918193
0.011990407673860911 0.008519346696006984
0.011990407673860911 0.007683457385481728
0.011990407673860911 0.008278658351758117
0.011990407673860911 0.008675196623966892
0.011990407673860911 0.007711766629840477
0.011990407673860911 0.008706151945220756
0.011990407673860911 0.008542090650807853
0.011990407673860911 0.00873327191902935
0.011990407673860911 0.00831160187615316
0.011990407673860911 0.0092376184539602
0.012690355329949238 0.009340451783333974
0.012690355329949238 0.0090896443862934
0.012690355329949238 0.009655394469974331
0.012690355329949238 0.009400835046646868
0.012690355329949238 0.00802587436808293
0.012690355329949238 0.007540541084949369
0.012690355329949238 0.008262438660659295
0.012690355329949238 0.008205432105757724
0.012690355329949238 0.008604565146562609
0.014245014245014245 0.009639062017618043
0.014245014245014245 0.009622751028984206
0.014245014245014245 0.009186624420556542
0.014245014245014245 0.009072015966200374
0.014245014245014245 0.009117480638619693
0.014245014245014245 0.008806425349391366
0.014245014245014245 0.009206146009259649
0.014245014245014245 0.008157759029558656
0.014245014245014245 0.0076035751817063475
0.014245014245014245 0.007993454055135945
0.0165016501650165 0.009052271061390954
0.0165016501650165 0.009443702222809823
0.0165016501650165 0.010754311153009581
0.0165016501650165 0.010537760971460128
0.0165016501650165 0.011355465353176473
0.0165016501650165 0.011419175387409821
0.0165016501650165 0.011750229884685092
0.0165016501650165 0.012190897209792337
0.0165016501650165 0.012278445937130811
0.0165016501650165 0.011768444132153173
0.0165016501650165 0.0109019881590556
0.0165016501650165 0.010740716018106456
0.0165016501650165 0.01165241261843081
0.0165016501650165 0.012696426544344911
0.0165016501650165 0.012593049141963826
0.0165016501650165 0.01264005117871378
0.0165016501650165 0.011619541213899033
0.0165016501650165 0.012627684694514658
0.0165016501650165 0.012170945774937445
0.0165016501650165 0.012846307787334914
0.0165016501650165 0.012554504201832083
0.0165016501650165 0.01257327567428106
0.0165016501650165 0.012506815142100744
0.0165016501650165 0.012177628773011526
0.0165016501650165 0.012855118344265724
0.0165016501650165 0.014409937921749981
0.0165016501650165 0.013395617552898784
0.0165016501650165 0.012946027080123162
0.0165016501650165 0.013338978121185016
0.024271844660194174 0.013015877146002906
0.024271844660194174 0.012946506702315229
0.024271844660194174 0.012371257489062752
0.024271844660194174 0.013142446379265055
0.024271844660194174 0.013369615730460863
0.024271844660194174 0.013976386365409491
0.024271844660194174 0.015339395400683258
0.024271844660194174 0.017446544390109574
0.024271844660194174 0.01759451519647555
0.024271844660194174 0.016960592754603647
0.024271844660194174 0.018178336401526825
0.024271844660194174 0.018835265648860525
0.024271844660194174 0.019723427751519196
0.024271844660194174 0.017341312862104517
0.024271844660194174 0.01860825666621058
0.024271844660194174 0.016536069401085127
0.024271844660194174 0.018465389062344073
0.024271844660194174 0.017996701079133738
0.024271844660194174 0.016027894568473842
0.024271844660194174 0.017362860212067746
0.024271844660194174 0.016333970377919147
0.024271844660194174 0.017754391826904702
0.024271844660194174 0.018793160575961334
0.024271844660194174 0.019508989652637598
0.024271844660194174 0.018570354400135908
0.024271844660194174 0.017050460887981823
0.024271844660194174 0.015390224950586446
0.024271844660194174 0.0176262219062474
0.024271844660194174 0.017810306767319335
0.024271844660194174 0.016695564458654805
0.024271844660194174 0.016017959118056296
0.024271844660194174 0.01714476973964864
0.024271844660194174 0.01717647624673966
0.024271844660194174 0.01664206288930805
0.024271844660194174 0.01779715147212894
0.024271844660194174 0.02049051755237673
0.02450980392156863 0.017550016135516155
0.02450980392156863 0.018029436793105653
0.02450980392156863 0.016167968239000133
0.02450980392156863 0.016319343819182975
0.02450980392156863 0.016114519720606246
0.02450980392156863 0.01640849530071517
0.02450980392156863 0.015236183241928282
0.02450980392156863 0.013877173175193271
0.02450980392156863 0.015914250081172417
0.02450980392156863 0.015134966756979397
0.02450980392156863 0.018011851072341985
0.02450980392156863 0.017738066714463027
0.02450980392156863 0.017988015479884982
0.02450980392156863 0.017662293956874606
0.025 0.019889850009290454
0.025 0.019002115125741813
0.025 0.018105711161998283
0.025 0.01832550982568522
0.025 0.018385316035871433
0.025 0.016760129844843378
0.025 0.014648106755806451
0.025 0.017301883475252723
0.025 0.018363758837141905
0.025 0.01907983952635144
0.025380710659898477 0.0203749587806619
0.025380710659898477 0.02127428617692907
0.025380710659898477 0.019109903960386542
0.025380710659898477 0.018787965058541557
0.025380710659898477 0.019276783267656243
0.02551020408163265 0.01812320068192121
0.02631578947368421 0.015707324683463617
0.026455026455026457 0.015065063187830187
0.026455026455026457 0.013971890166576512
0.026455026455026457 0.014752412100549004
0.026455026455026457 0.016236995815864942
0.026455026455026457 0.01656893253594366
0.026455026455026457 0.014913360401239492
0.026455026455026457 0.014274753362152566
0.026455026455026457 0.013155325646768716
0.026455026455026457 0.014926264428239112
0.026455026455026457 0.017504572199156125
0.026455026455026457 0.017637711353894157
0.026455026455026457 0.017019012921637152
0.026455026455026457 0.0179932259464477
0.026455026455026457 0.018683904505563016
0.026455026455026457 0.01925192702453138
0.026455026455026457 0.02083289876323725
0.026455026455026457 0.019380569028956723
0.026455026455026457 0.02103302585237547
0.026455026455026457 0.02190621594124746
0.026455026455026457 0.01907500915218731
0.026455026455026457 0.019276124808305695
0.026455026455026457 0.017210115648048117
0.026595744680851064 0.015626655648561586
0.026595744680851064 0.018222432431441796
0.026595744680851064 0.01979653133847384
0.026595744680851064 0.020895147832274127
0.026595744680851064 0.017799055239622694
0.026595744680851064 0.017653949202849822
0.026595744680851064 0.016461654910301
0.026595744680851064 0.018222661099564604
0.026595744680851064 0.018212458917114226
0.026595744680851064 0.02119168174844181
0.026595744680851064 0.01876013277247156
0.026595744680851064 0.01703575018287104
0.026595744680851064 0.016759784127576095
0.026595744680851064 0.020323230551910716
0.026595744680851064 0.019357554794105912
0.026595744680851064 0.019259713199362715
0.026595744680851064 0.021263993386786355
0.026595744680851064 0.019228548523888465
0.026595744680851064 0.01660602979895709
0.026737967914438502 0.019374269651221934
0.026737967914438502 0.020586991003888975
0.026737967914438502 0.01729883626866958
0.026737967914438502 0.014942891274823414
0.026737967914438502 0.01620624442725046
0.026737967914438502 0.017048990996942313
0.026737967914438502 0.015577119892707195
0.026737967914438502 0.018668965535432576
0.026737967914438502 0.019572699279854232
0.026737967914438502 0.01886731439691826
0.026737967914438502 0.02063253390866434
0.026737967914438502 0.019218800515722372
0.026737967914438502 0.02006042751431009
0.026737967914438502 0.01789586464793036
0.026737967914438502 0.019666526890478615
0.026737967914438502 0.01872604327118966
0.026737967914438502 0.019599491517746752
0.026737967914438502 0.019522406545253022
0.026737967914438502 0.019945618592842596
0.026737967914438502 0.021647670529244014
0.026737967914438502 0.02118841321965604
0.026737967914438502 0.018622216780293514
0.026737967914438502 0.016349638206905926
0.026737967914438502 0.01737583338957194
0.026737967914438502 0.01913811348794078
0.026737967914438502 0.020983627992901203
0.026737967914438502 0.017992178051541588
0.026737967914438502 0.01767969261185772
0.026737967914438502 0.02037357874422587
0.026737967914438502 0.022329648070333753
0.026737967914438502 0.02080630563671156
0.026737967914438502 0.01969837135038794
0.026737967914438502 0.020205887195016554
0.026737967914438502 0.019350914547209854
0.026737967914438502 0.02084912832651628
0.026737967914438502 0.02149465589367293
0.026737967914438502 0.019513002270805747
0.026737967914438502 0.01882881608318216
0.026737967914438502 0.018988117774617154
0.026737967914438502 0.019745700617425165
0.026737967914438502 0.021343659180638453
0.026737967914438502 0.020918740816334262
0.026737967914438502 0.021931635487800895
0.026737967914438502 0.02256719788406681
0.026737967914438502 0.018834179432595924
0.026737967914438502 0.019175891993190218
0.026737967914438502 0.021373050202190914
0.026737967914438502 0.019715907407875773
0.026737967914438502 0.020439099453788575
0.026737967914438502 0.021387010422179418
0.026737967914438502 0.02089733214797184
0.026737967914438502 0.022235084888683993
0.026737967914438502 0.02120259438144078
0.026737967914438502 0.019578153581788365
0.026737967914438502 0.018624693515258993
0.026737967914438502 0.018415942076600182
0.026737967914438502 0.019152723650057553
0.026737967914438502 0.02025877350724376
0.026737967914438502 0.02324805919222515
0.026737967914438502 0.022824824306638
0.026737967914438502 0.021874176229314268
0.026737967914438502 0.02058439187833125
0.026737967914438502 0.020791806670707756
0.0273224043715847 0.02066644902048135
0.0273224043715847 0.02035073043424826
0.0273224043715847 0.02186610924523447
0.0273224043715847 0.02076675461296994
0.0273224043715847 0.020616575141156977
0.0273224043715847 0.015587883305396549
0.0273224043715847 0.018261800228897646
0.0273224043715847 0.01840775901543138
0.0273224043715847 0.016119202690737792
0.0273224043715847 0.018895828175227405
0.0273224043715847 0.02157874903655979
0.0273224043715847 0.02237247546364498
0.0273224043715847 0.020666467009624503
0.0273224043715847 0.015703497740391908
0.0273224043715847 0.017756563135043108
0.0273224043715847 0.020328803476207812
0.0273224043715847 0.02166937747484465
0.0273224043715847 0.021932038298108976
0.0273224043715847 0.021675424877719736
0.0273224043715847 0.020481785290048786
0.0273224043715847 0.02136061864720155
0.0273224043715847 0.019905254981135614
0.0273224043715847 0.018753215555823356
0.0273224043715847 0.020855514260812467
0.0273224043715847 0.019477434053807963
0.0273224043715847 0.01853163523272024
0.0273224043715847 0.019221928049453562
0.0273224043715847 0.01950213968268036
0.0273224043715847 0.0203751304714744
0.0273224043715847 0.019173751204197984
0.0273224043715847 0.019934509665824853
0.0273224043715847 0.02046829356810794
0.0273224043715847 0.02235807534434472
0.0273224043715847 0.02087374029547074
0.0273224043715847 0.020652952606170238
0.0273224043715847 0.020083356658655772
0.0273224043715847 0.018890801116424556
0.0273224043715847 0.019228030632412553
0.0273224043715847 0.02014661345125281
0.0273224043715847 0.020824059479427885
0.0273224043715847 0.01893414488130636
0.0273224043715847 0.018724997833803974
0.0273224043715847 0.020693123680830327
0.0273224043715847 0.018022851153453954
0.0273224043715847 0.019928402699799713
0.0273224043715847 0.022893283659413594
0.0273224043715847 0.019974899770035186
0.0273224043715847 0.01859712599842185
0.027624309392265192 0.017154794607305356
0.027624309392265192 0.016778150367220402
0.027624309392265192 0.015188421477718228
0.027624309392265192 0.013445827085455345
0.027624309392265192 0.01520555735748088
0.027624309392265192 0.015528010338585004
0.027624309392265192 0.016197962754795098
0.027624309392265192 0.01710533413423056
0.027624309392265192 0.017395241845994284
0.027624309392265192 0.018992812465297056
0.027624309392265192 0.018911207519989648
0.027624309392265192 0.018219658106835575
0.027624309392265192 0.018756440657991025
0.027624309392265192 0.018931810140525883
0.027624309392265192 0.01854250941414236
0.027624309392265192 0.019829958367923162
0.027624309392265192 0.0190998038560142
0.027624309392265192 0.020104530771435848
0.027624309392265192 0.017896971672989644
0.027624309392265192 0.019424975420320255
0.027624309392265192 0.01854922808837024
0.027624309392265192 0.01930762196714522
0.027624309392265192 0.020918487698564737
0.027624309392265192 0.020287222936052604
0.027624309392265192 0.020468756407196666
0.027624309392265192 0.02039261636163514
0.027624309392265192 0.019206910867491378
0.027624309392265192 0.019357938425112867
0.027624309392265192 0.020805368259020938
0.027624309392265192 0.020209204086631842
0.027624309392265192 0.01878498668717732
0.027624309392265192 0.020292342247319975
0.027624309392265192 0.019993586801688272
0.027624309392265192 0.021592809751793802
0.027624309392265192 0.020638807341087508
0.027624309392265192 0.019093523809834468
0.027624309392265192 0.019252536288778033
0.027624309392265192 0.017564145998039377
0.027624309392265192 0.01849822458770005
0.027624309392265192 0.018561874704461516
0.027624309392265192 0.019048393102026353
0.027624309392265192 0.02168566144237598
0.027624309392265192 0.02121665405868381
0.027624309392265192 0.02035332480203413
0.027624309392265192 0.022000342424358808
0.027624309392265192 0.020679078849673904
0.027624309392265192 0.020090938939377703
0.027624309392265192 0.021634331194276126
0.027624309392265192 0.022867697100482108
0.027624309392265192 0.021990192087474665
0.027624309392265192 0.019344778292128058
0.02857142857142857 0.021677040303093035
0.02857142857142857 0.02171601955357956
0.02857142857142857 0.02090715026856133
0.02857142857142857 0.019983762520535953
0.02857142857142857 0.01799283557426735
0.02857142857142857 0.02019135418201362
0.02857142857142857 0.01753348883772248
0.02857142857142857 0.019480042901377177
0.02857142857142857 0.017998983945682494
0.02857142857142857 0.017854170664102192
0.02857142857142857 0.018530215848401366
0.02857142857142857 0.01850612392462235
0.02857142857142857 0.019596240822603892
0.02857142857142857 0.020043543466340914
0.02857142857142857 0.019728670667038775
0.02857142857142857 0.015781061179669476
0.02857142857142857 0.01677057933091142
0.02857142857142857 0.016652200505342118
0.02857142857142857 0.014677968542992165
0.02857142857142857 0.0164396486317044
0.02857142857142857 0.01755295031411855
0.02857142857142857 0.018630328582078998
0.02857142857142857 0.018723041804347574
0.02857142857142857 0.02174855865773728
0.02857142857142857 0.016025860619692682
0.02857142857142857 0.019426923240544087
0.02857142857142857 0.019289049660604508
0.02857142857142857 0.02041858927608142
0.02857142857142857 0.020030925128131056
0.02857142857142857 0.020454320093000126
0.02857142857142857 0.018993298992064284
0.029069767441860465 0.02041719464251688
0.029069767441860465 0.019782279588757473
0.029069767441860465 0.018148463616014385
0.029069767441860465 0.019979354228297976
0.029069767441860465 0.017398146207268015
0.029069767441860465 0.016880917063211008
0.029069767441860465 0.015689653130976488
0.029069767441860465 0.012991452722489158
0.029069767441860465 0.015435631904062025
0.029069767441860465 0.016756054441598736
0.029069767441860465 0.01882748291665971
0.029069767441860465 0.019020161103381943
0.029069767441860465 0.019097927965244718
0.029069767441860465 0.02057244333593199
0.029069767441860465 0.02261384071792464
0.029069767441860465 0.022812212596802252
0.029069767441860465 0.023087189441075524
0.029069767441860465 0.019795072848237606
0.029069767441860465 0.02172914888943741
0.029069767441860465 0.02402957234419062
0.029069767441860465 0.02488035905906639
0.029069767441860465 0.024292182224964085
0.029069767441860465 0.024285621451457295
0.029069767441860465 0.02336676190039995
0.029069767441860465 0.02175260835430227
0.029069767441860465 0.023599671410171694
0.029069767441860465 0.020736152626107455
0.029069767441860465 0.019482559562457726
0.029069767441860465 0.018558492579854792
0.029069767441860465 0.021288984180484694
0.029069767441860465 0.02218315212774207
0.029069767441860465 0.02328106280272118
0.029069767441860465 0.02089630671658164
0.029069767441860465 0.021738155971841054
0.029069767441860465 0.019993179590018846
0.029069767441860465 0.020254845359521156
0.029069767441860465 0.019803313976971233
0.029069767441860465 0.02050337315467003
0.029069767441860465 0.023963002304267386
0.029069767441860465 0.02119374023982476
0.029069767441860465 0.02054781244918004
0.029069767441860465 0.022262495245411303
0.029069767441860465 0.022660125613470267
0.029069767441860465 0.02157819203105868
0.029069767441860465 0.02222762889415079
0.029069767441860465 0.02236368909227484
0.029069767441860465 0.02260156252711957
0.029069767441860465 0.023906237193387275
0.029069767441860465 0.023594699948409868
0.029069767441860465 0.022105625673790704
0.029069767441860465 0.02332053629715701
0.029069767441860465 0.022139917334237064
0.029069767441860465 0.022845353636428797
0.029069767441860465 0.022831741657481423
0.029069767441860465 0.02125509893709596
0.029069767441860465 0.02179019402822619
0.029069767441860465 0.02267479143131055
0.029069767441860465 0.021273754018663545
0.029069767441860465 0.022906011594381815
0.029069767441860465 0.02176863894589984
0.029069767441860465 0.021719819695458907
0.029069767441860465 0.022925487731697624
0.029069767441860465 0.02317549652789831
0.029069767441860465 0.02141242857166111
0.029069767441860465 0.020485912377812672
0.029069767441860465 0.021386814732360766
0.029069767441860465 0.02157616634322967
0.029069767441860465 0.019909810944019193
0.029239766081871343 0.02179752673504176
0.029239766081871343 0.022339521808915967
0.029239766081871343 0.020696721331363774
0.029239766081871343 0.020036612648039805
0.029239766081871343 0.018275907643348632
0.029239766081871343 0.018961469733311084
0.029239766081871343 0.018366937865466625
0.029239766081871343 0.017370625232680598
0.029239766081871343 0.01759239440209228
0.029239766081871343 0.018872332451501096
0.029239766081871343 0.019982276927526826
0.029239766081871343 0.01953432730209718
0.029239766081871343 0.02051906835086951
0.029239766081871343 0.021185786697343816
0.029239766081871343 0.02083981625069063
0.029239766081871343 0.021630218350181897
0.029239766081871343 0.021417415461346234
0.029239766081871343 0.01911866602630363
0.029239766081871343 0.016958553391291705
0.029239766081871343 0.01886573723202687
0.029239766081871343 0.02135972184914389
0.029239766081871343 0.020696942748072204
0.029239766081871343 0.01971012917613467
0.029239766081871343 0.0225832566121042
0.029239766081871343 0.022839112025869513
0.029239766081871343 0.020434851619823554
0.029239766081871343 0.019716804755348653
0.029239766081871343 0.021174676443525886
0.029239766081871343 0.023278873776606524
0.029239766081871343 0.022751613676560856
0.029239766081871343 0.022498176987939662
0.029239766081871343 0.021789255118712304
0.029239766081871343 0.019960339961282998
0.029239766081871343 0.02106630515502288
0.029239766081871343 0.021638744473886612
0.029239766081871343 0.02015671436160929
0.029239766081871343 0.02095041615339873
0.029239766081871343 0.02089754164962976
0.029239766081871343 0.02201208544068181
0.029239766081871343 0.02103929592817993
0.029239766081871343 0.02001865429764073
0.029239766081871343 0.019796655731064
0.029239766081871343 0.022275265263581718
0.029239766081871343 0.021187319115164607
0.029239766081871343 0.020419381532540748
0.029239766081871343 0.021924765889390307
0.029239766081871343 0.020671102284055158
0.029239766081871343 0.020749555014679764
0.029239766081871343 0.020008430023834223
0.029239766081871343 0.022523943607855337
0.029239766081871343 0.02016169483603305
0.029239766081871343 0.022514980175890403
0.029239766081871343 0.0227818565258754
0.029239766081871343 0.0211729037808247
0.029239766081871343 0.021317957110186286
0.029239766081871343 0.022673073491443766
0.029239766081871343 0.019764298985900635
0.029239766081871343 0.022272351652075917
0.029239766081871343 0.022801532370575105
0.02958579881656805 0.022190585074648633
0.02958579881656805 0.023452345741915098
0.02958579881656805 0.019778700434648827
0.02958579881656805 0.020156036669305124
0.02958579881656805 0.019396560285971053
0.02958579881656805 0.020389298220642577
0.02958579881656805 0.02009633040578466
0.02958579881656805 0.020010374906211326
0.02958579881656805 0.01781716845826935
0.02958579881656805 0.018013912579063016
0.02958579881656805 0.01797273920151536
0.02958579881656805 0.019029818438967835
0.02958579881656805 0.022472757491347403
0.02958579881656805 0.022346472856548623
0.02958579881656805 0.022419976831058792
0.02958579881656805 0.020078472669722385
0.02958579881656805 0.02257625197992173
0.02958579881656805 0.021014630090472674
0.02958579881656805 0.024879727221734534
0.02958579881656805 0.02204395028598705
0.02958579881656805 0.019034798252306966
0.03012048192771084 0.022309140412721758
0.03012048192771084 0.01975476583347769
0.03012048192771084 0.019249070678360812
0.03012048192771084 0.018090852730431452
0.03012048192771084 0.017254976034926903
0.03012048192771084 0.018678462566099778
0.03012048192771084 0.01833039699110459
0.03012048192771084 0.021529532048766644
0.03012048192771084 0.022600703943403383
0.03012048192771084 0.0231558832050132
0.03012048192771084 0.01996313626257213
0.03012048192771084 0.022495907091566437
0.03012048192771084 0.020467024546334506
0.03012048192771084 0.023008346054292327
0.03012048192771084 0.022535236057024975
0.03012048192771084 0.019050138991882917
0.03012048192771084 0.01972025211319094
0.03012048192771084 0.02068319894476715
0.03012048192771084 0.0240981571895774
0.03012048192771084 0.022572633254545848
0.03012048192771084 0.02226355597346593
0.03012048192771084 0.0231296341457846
0.03012048192771084 0.02469855355296513
0.03012048192771084 0.025305506497884725
0.030487804878048783 0.023025437011026873
0.030487804878048783 0.022368652699836844
0.030487804878048783 0.024804730429980378
0.030487804878048783 0.024532626563513068
0.030487804878048783 0.02298843916254379
0.030487804878048783 0.02386867339137853
0.030487804878048783 0.024588563795375756
0.0308641975308642 0.024069345245253358
0.0308641975308642 0.023886930823692587
0.0308641975308642 0.023247324307698016
0.0308641975308642 0.02324049638298121
0.0308641975308642 0.021021890320797435
0.0308641975308642 0.02244134526250742
0.0308641975308642 0.01843605528347195
0.0308641975308642 0.017882583415613974
0.0308641975308642 0.015424441148212484
0.0308641975308642 0.018383061050136346
0.0308641975308642 0.018836242481523057
0.0308641975308642 0.018587573471065454
0.0308641975308642 0.02091990336087629
0.0308641975308642 0.020838146174977944
0.0308641975308642 0.024582448782209224
0.0308641975308642 0.02398937756321557
0.0308641975308642 0.02122920580818451
0.0308641975308642 0.021924260956284844
0.0308641975308642 0.02278677653400435
0.0308641975308642 0.023657039666303455
0.0308641975308642 0.020413310927356026
0.0308641975308642 0.02239613136109635
0.0308641975308642 0.021963855252156113
0.0308641975308642 0.024702474796835416
0.0308641975308642 0.023304143111637646
0.0308641975308642 0.023706084328272557
0.0308641975308642 0.024193374021291677
0.0308641975308642 0.023742209745410647
0.0308641975308642 0.021886449982844995
0.0308641975308642 0.020846238312350884
0.0308641975308642 0.021075965900104805
0.0308641975308642 0.01756873290447239
0.0308641975308642 0.01847001679992221
0.03105590062111801 0.017277909303803914
0.03105590062111801 0.019698244498073565
0.03105590062111801 0.018554883891201128
0.03105590062111801 0.019068005042777964
0.03105590062111801 0.018066497782560188
0.03105590062111801 0.020435868699677347
0.03105590062111801 0.018686614187829163
0.03105590062111801 0.01896093830281409
0.03105590062111801 0.018646827229604052
0.03105590062111801 0.021519086393428356
0.03105590062111801 0.02200324309603701
0.03105590062111801 0.023871055522372578
0.03105590062111801 0.023148244688130166
0.03105590062111801 0.023900279784710595
0.03105590062111801 0.0255010621211656
0.03105590062111801 0.02223368635512003
0.031446540880503145 0.02295350234128264
0.031446540880503145 0.023685374162396678
0.031446540880503145 0.024516776515622
0.031446540880503145 0.02356627124027839
0.031446540880503145 0.02265224207356729
0.031446540880503145 0.02402162751242098
0.031446540880503145 0.024579523688732764
0.031446540880503145 0.0231748885416837
0.031446540880503145 0.022146199099173484
0.031446540880503145 0.02337855127598332
0.031446540880503145 0.024045663022416574
0.031446540880503145 0.024326383235949676
0.031446540880503145 0.020791886813683456
0.031446540880503145 0.019301278720771746
0.031446540880503145 0.022686516785674373
0.031446540880503145 0.0222961398801353
0.031446540880503145 0.020946537458711303
0.03164556962025316 0.019450428072498555
0.03164556962025316 0.020332714932192058
0.03164556962025316 0.021193622665850145
0.03164556962025316 0.024455387382267997
0.03164556962025316 0.025273127456340836
0.03164556962025316 0.024144781814010953
0.03164556962025316 0.020728157286690564
0.03164556962025316 0.01995849756985104
0.03164556962025316 0.017879553188561194
0.03164556962025316 0.019063346076743228
0.03164556962025316 0.023917576832205325
0.03184713375796178 0.0227523472454361
0.03184713375796178 0.023032134934815846
0.03184713375796178 0.026036187374350254
0.03184713375796178 0.025995372572757802
0.03184713375796178 0.0244698998002461
0.03184713375796178 0.023402743269464184
0.03184713375796178 0.023225125513920804
0.03184713375796178 0.022691605793821755
0.03184713375796178 0.02133601273431979
0.03184713375796178 0.022035258901968904
0.03184713375796178 0.02384783571209563
0.03184713375796178 0.025652206016506314
0.03184713375796178 0.022852392796526483
0.03184713375796178 0.022176790450473372
0.03184713375796178 0.02299608974166469
0.03184713375796178 0.020539561407872234
0.03184713375796178 0.02018618682681296
0.03184713375796178 0.020487527222807788
0.03184713375796178 0.017596208707246343
0.03184713375796178 0.02279968730629601
0.03184713375796178 0.02210110480767794
0.03184713375796178 0.022806844682681383
0.03184713375796178 0.02225058039566103
0.03184713375796178 0.023374990235334986
0.03184713375796178 0.0200178063823893
0.03184713375796178 0.02203766339612375
0.03184713375796178 0.025680747295710474
0.03184713375796178 0.022663555402303873
0.03184713375796178 0.021289785022675346
0.03184713375796178 0.022657387459501112
0.03184713375796178 0.026721720347233125
0.03184713375796178 0.025707136689741023
0.03184713375796178 0.02533301040327685
0.032051282051282055 0.02493882102038348
0.032051282051282055 0.026276950363535268
0.032051282051282055 0.025146669059850586
0.032051282051282055 0.0217159763543106
0.032051282051282055 0.02333210756895452
0.032051282051282055 0.02545499109802374
0.032051282051282055 0.02443993782834981
0.032051282051282055 0.023275996204843438
0.032051282051282055 0.023100427449341238
0.032051282051282055 0.022035302731257974
0.032051282051282055 0.019513305467615864
0.032051282051282055 0.019176984087783868
0.032051282051282055 0.01845506777303078
0.032051282051282055 0.018995826180083466
0.032051282051282055 0.020903647295866978
0.032051282051282055 0.02073318380874331
0.032051282051282055 0.022457279357394496
0.032051282051282055 0.023261055617753674
0.032051282051282055 0.022962564920495355
0.032051282051282055 0.025813424121140117
0.032051282051282055 0.025668219544872705
0.032051282051282055 0.02568147682583729
0.032051282051282055 0.02468545476296501
0.032051282051282055 0.025393052499192305
0.032051282051282055 0.025110224793695242
0.032051282051282055 0.024277091244714326
0.032051282051282055 0.022401897821239795
0.032051282051282055 0.022227009609185867
0.032051282051282055 0.022913993719064326
0.032051282051282055 0.020766118304268468
0.032051282051282055 0.019577864817662712
0.032051282051282055 0.021169187979793003
0.032051282051282055 0.02204585429385265
0.032051282051282055 0.02278507914584234
0.032051282051282055 0.020878061095338095
0.032051282051282055 0.023834210813987757
0.032051282051282055 0.024914171875120447
0.032051282051282055 0.025595925795878775
0.032051282051282055 0.027364257240002056
0.032051282051282055 0.02766957909683807
0.032051282051282055 0.02519105558991076
0.032051282051282055 0.026608225625459208
0.032051282051282055 0.02567962775734212
0.032051282051282055 0.02453010603605258
0.032051282051282055 0.02395470370436835
0.032051282051282055 0.023569963796846005
0.032051282051282055 0.025116228966833534
0.032051282051282055 0.02307749423373889
0.032051282051282055 0.02318770286682002
0.032051282051282055 0.02509922448352137
0.032051282051282055 0.02386221736145215
0.032051282051282055 0.02164609701424188
0.032051282051282055 0.01739732582828871
0.032051282051282055 0.020511544999925465
0.032051282051282055 0.023233208067190463
0.032051282051282055 0.022885845438219976
0.032051282051282055 0.02292756192883926
0.032051282051282055 0.025002740607259797
0.032051282051282055 0.022852922143393045
0.032051282051282055 0.024688264851118805
0.032051282051282055 0.024138584905758268
0.032051282051282055 0.02344899731079839
0.032051282051282055 0.022108486863199446
0.032051282051282055 0.02207666109451983
0.032051282051282055 0.01979950885622046
0.032051282051282055 0.024911468951800908
0.032051282051282055 0.024376751228115324
0.032051282051282055 0.02280483355528115
0.032051282051282055 0.023060087003685482
0.032051282051282055 0.02239655909102513
0.032051282051282055 0.02289893422211539
0.032051282051282055 0.026295149395903033
0.032051282051282055 0.0235279931908227
0.032051282051282055 0.023940294018764532
0.032051282051282055 0.026006652823389074
0.032051282051282055 0.02286343342912754
0.032051282051282055 0.021720168159779816
0.032051282051282055 0.023224915047893382
0.032051282051282055 0.02370707227837397
0.032051282051282055 0.023553421389483187
0.032051282051282055 0.025224983669971574
0.032051282051282055 0.021444637784367893
0.032051282051282055 0.022478266529884446
0.032051282051282055 0.021490675861685214
0.032051282051282055 0.021970241092807454
0.032051282051282055 0.021880245659187888
0.032051282051282055 0.02092273556001221
0.032051282051282055 0.0203788888790109
0.032051282051282055 0.022612305743902914
0.032051282051282055 0.024162937853056107
0.032051282051282055 0.02166077350295338
0.032051282051282055 0.021626289145164342
0.032051282051282055 0.02294217913978719
0.032051282051282055 0.02481428566476121
0.032051282051282055 0.02458279765028553
0.032051282051282055 0.023499008587374116
0.032051282051282055 0.02472805486116415
0.032051282051282055 0.022298252104416324
0.032051282051282055 0.022747269149447337
0.032051282051282055 0.022434284811391075
0.032051282051282055 0.028085226778957154
0.032051282051282055 0.02341287875532191
0.032051282051282055 0.020826270818079445
0.032051282051282055 0.02332109210546944
0.032051282051282055 0.02489809223836244
0.032051282051282055 0.02321325420160423
0.032051282051282055 0.023110482301078664
0.032051282051282055 0.025911434552181468
0.032051282051282055 0.02664658150769643
0.032051282051282055 0.023964881284194772
0.032051282051282055 0.022385434519131893
0.032051282051282055 0.021258081746332095
0.032051282051282055 0.022032139671290613
0.032051282051282055 0.022988398142285118
0.032051282051282055 0.02154929882775135
0.032051282051282055 0.02326587470692947
0.032051282051282055 0.02374901592020831
0.032051282051282055 0.01926559828645104
0.032051282051282055 0.021024836796617607
0.032051282051282055 0.02106022029455694
0.032051282051282055 0.022207259691438216
0.032051282051282055 0.020521188786402834
0.032051282051282055 0.021434441594812313
0.032051282051282055 0.02411739028327883
0.032051282051282055 0.024109480247749348
0.032051282051282055 0.028568109834277003
0.032051282051282055 0.025118649640548076
0.032051282051282055 0.02371341230839759
0.032051282051282055 0.02389495643235515
0.032051282051282055 0.023479209446571312
0.032051282051282055 0.025032957148030166
0.032051282051282055 0.0257814321263467
0.032051282051282055 0.026120625991100016
0.032051282051282055 0.021130386890921792
0.032051282051282055 0.022952051569444947
0.032051282051282055 0.022197441168817965
0.032051282051282055 0.019247019400519372
0.032051282051282055 0.02173953518313042
0.032051282051282055 0.023708550771660786
0.032051282051282055 0.02071912018200138
0.032051282051282055 0.021773881314553652
0.032051282051282055 0.0211241853472815
0.032051282051282055 0.022376505364190214
0.032051282051282055 0.021185833493340068
0.032051282051282055 0.022149690603997046
0.032051282051282055 0.02204651183996132
0.032051282051282055 0.02063733230428568
0.032051282051282055 0.01917995290638729
0.032051282051282055 0.0203666251297315
0.032051282051282055 0.018160928382993293
0.032051282051282055 0.017034828317773094
0.032051282051282055 0.023812038035527
0.032051282051282055 0.024683921280678325
0.032051282051282055 0.022692898879802664
0.032051282051282055 0.023246109018930976
0.032051282051282055 0.02418235143284323
0.032051282051282055 0.02241694920764961
0.032051282051282055 0.022567147148332408
0.032051282051282055 0.02277747881883329
0.032051282051282055 0.023388622080633515
0.032051282051282055 0.023569055705449468
0.032051282051282055 0.025074942113428946
0.032051282051282055 0.02434971625951644
0.032051282051282055 0.02419801563627871
0.032051282051282055 0.02252061858966078
0.032051282051282055 0.02386534673796817
0.032051282051282055 0.02500055588249248
0.032051282051282055 0.02460216724646108
0.032051282051282055 0.02283303769556297
0.032051282051282055 0.024873291908054776
0.032051282051282055 0.022570310251904247
0.032051282051282055 0.021160326221228157
0.032051282051282055 0.024111023095484987
0.032051282051282055 0.023438013533269374
0.032051282051282055 0.022065565736453154
0.032051282051282055 0.02307078253865973
0.032051282051282055 0.02431098331141307
0.032051282051282055 0.023309611781294162
0.032051282051282055 0.02346399171853792
0.032051282051282055 0.0219387023139395
0.032051282051282055 0.02279645236988096
0.032051282051282055 0.024486241600481295
0.032051282051282055 0.023459489990993038
0.032051282051282055 0.026431130917872338
0.032051282051282055 0.025815738079324652
0.032051282051282055 0.02673441318554615
0.032051282051282055 0.02475296073618886
0.032051282051282055 0.022807725240781195
0.032051282051282055 0.022930885494319413
0.032051282051282055 0.022210155501670284
0.032051282051282055 0.022312579900092902
0.032051282051282055 0.023752597137644983
0.032051282051282055 0.02453858621555953
0.032051282051282055 0.0241440524539272
0.032051282051282055 0.020567980008589025
