4227.0 12085.098591549297
4709.0 10969.237623762376
7163.0 9256.039603960397
7163.0 8356.910891089108
4293.0 8142.534653465346
3154.0 8347.920792079209
3154.0 7631.425742574257
3539.0 7630.376237623763
3539.0 7168.683168316832
5372.0 7396.930693069307
5372.0 7242.752475247525
2829.0 6939.079207920792
2829.0 6535.227722772277
1839.0 5976.465346534654
1839.0 5603.574257425743
1839.0 5103.683168316832
1839.0 4997.336633663366
1839.0 4551.217821782178
2698.0 4440.792079207921
1823.0 4144.970297029703
1455.0 4414.80198019802
1348.0 3913.920792079208
1348.0 3631.2871287128714
965.0 2948.2178217821784
1273.0 2257.930693069307
1273.0 2200.4653465346537
1273.0 2232.4455445544554
1273.0 2206.237623762376
1273.0 1863.1683168316831
1273.0 1806.8415841584158
790.0 1928.029702970297
644.0 1636.950495049505
644.0 1409.6930693069307
644.0 1648.5247524752476
644.0 1324.7029702970297
644.0 1304.8217821782177
644.0 1419.6039603960396
644.0 1623.3366336633662
640.0 1399.1386138613861
640.0 1496.990099009901
732.0 1577.0
732.0 1506.960396039604
732.0 1770.90099009901
732.0 1353.029702970297
732.0 1264.8316831683169
508.0 1542.0594059405942
508.0 1693.3762376237623
508.0 1614.5049504950496
497.0 1356.7920792079208
497.0 1430.7524752475247
325.0 1595.4752475247524
325.0 1409.8217821782177
325.0 1322.7425742574258
325.0 1111.5544554455446
325.0 1107.6930693069307
325.0 845.2079207920792
325.0 1066.2079207920792
325.0 848.3366336633663
325.0 1146.2277227722773
325.0 1093.2475247524753
325.0 830.8613861386139
325.0 1252.3861386138615
325.0 1235.5049504950496
325.0 1126.029702970297
325.0 1216.5247524752476
323.0 1193.2079207920792
323.0 1431.4455445544554
323.0 1151.5346534653465
323.0 1308.6039603960396
323.0 1159.2475247524753
323.0 902.0792079207921
323.0 967.3465346534654
323.0 1132.7920792079208
323.0 1428.2772277227723
323.0 1294.6336633663366
323.0 1029.2277227722773
323.0 1227.6930693069307
323.0 1123.4752475247524
323.0 1193.6633663366338
323.0 1101.7029702970297
323.0 943.4455445544554
323.0 1248.6039603960396
323.0 1253.2871287128712
323.0 1141.4851485148515
323.0 1161.4752475247524
325.0 1051.2277227722773
325.0 1209.6138613861385
325.0 1038.5742574257426
325.0 761.2574257425742
325.0 1032.8019801980197
325.0 1159.2574257425742
325.0 1029.4455445544554
325.0 1364.09900990099
325.0 1103.069306930693
325.0 1597.7128712871288
325.0 1262.2277227722773
325.0 1007.7524752475248
325.0 884.3069306930693
325.0 799.4455445544554
325.0 878.5742574257425
325.0 907.7425742574258
325.0 1056.3762376237623
325.0 969.9207920792079
325.0 783.1683168316831
325.0 1332.2772277227723
325.0 1141.4554455445545
325.0 907.8118811881188
325.0 992.8019801980198
325.0 1110.3960396039604
325.0 764.1683168316831
325.0 865.5742574257425
325.0 899.6435643564356
325.0 1003.940594059406
325.0 878.3663366336634
318.0 907.8019801980198
318.0 768.1188118811881
318.0 1086.5841584158416
318.0 1134.6534653465346
318.0 961.1188118811881
318.0 1127.0
318.0 978.940594059406
318.0 1275.4455445544554
318.0 1358.1980198019803
318.0 1141.2178217821781
318.0 1053.8019801980197
318.0 978.6534653465346
318.0 1079.069306930693
318.0 1290.3960396039604
318.0 1218.7128712871288
318.0 1160.3267326732673
318.0 885.7524752475248
318.0 990.980198019802
318.0 955.2970297029703
318.0 964.039603960396
304.0 793.2772277227723
304.0 888.980198019802
304.0 1168.2970297029703
304.0 1071.7326732673268
304.0 914.8910891089109
304.0 1136.3465346534654
304.0 1112.5643564356435
304.0 1361.4158415841584
304.0 1258.7524752475247
304.0 1272.1089108910892
304.0 1372.049504950495
304.0 859.4851485148515
304.0 1149.6336633663366
304.0 935.3267326732673
304.0 818.8019801980198
304.0 1147.1584158415842
304.0 1098.4752475247524
304.0 1068.8217821782177
304.0 1266.3465346534654
304.0 1122.4059405940593
304.0 739.6534653465346
304.0 928.2376237623762
304.0 1088.049504950495
304.0 954.6633663366337
304.0 1033.6633663366338
304.0 1169.970297029703
304.0 1297.4752475247524
304.0 1366.2673267326732
304.0 1142.930693069307
304.0 1211.2673267326732
304.0 1293.5247524752476
304.0 1121.009900990099
304.0 921.0990099009902
304.0 771.4059405940594
304.0 952.7029702970297
304.0 938.6930693069307
304.0 968.2376237623762
304.0 839.8217821782179
304.0 1050.6138613861385
304.0 1090.1287128712872
304.0 1345.1683168316831
304.0 1264.3762376237623
304.0 1090.2673267326732
304.0 789.1980198019802
304.0 1014.3861386138614
304.0 1225.3267326732673
304.0 1380.2277227722773
304.0 1212.7524752475247
304.0 1188.970297029703
304.0 729.4158415841584
304.0 1086.6732673267327
304.0 1185.5643564356435
304.0 1006.2475247524752
304.0 1068.851485148515
304.0 936.2772277227723
304.0 1080.2079207920792
304.0 956.5247524752475
304.0 980.950495049505
304.0 1041.6138613861385
304.0 1022.009900990099
304.0 1000.7722772277227
304.0 945.1089108910891
304.0 794.6930693069307
304.0 897.1188118811881
304.0 1000.3168316831683
304.0 949.3069306930693
304.0 889.5445544554456
304.0 1185.09900990099
304.0 1459.0
304.0 1284.90099009901
304.0 873.0297029702971
304.0 981.2475247524752
304.0 923.9702970297029
304.0 817.5940594059406
304.0 919.0693069306931
304.0 1050.8019801980197
304.0 1056.1782178217823
304.0 1074.5445544554455
304.0 1070.8712871287128
304.0 800.7821782178218
304.0 988.3960396039604
304.0 1144.029702970297
304.0 1028.8613861386139
304.0 1096.0594059405942
304.0 934.7425742574258
304.0 1054.980198019802
304.0 1034.7722772277227
276.0 1143.2079207920792
276.0 1191.4653465346535
276.0 991.8217821782179
276.0 811.8613861386139
276.0 929.2277227722773
276.0 1130.1287128712872
276.0 1053.8217821782177
276.0 1404.2574257425742
276.0 1135.4554455445545
276.0 1172.6534653465346
276.0 839.7128712871287
276.0 1142.1683168316831
276.0 795.8910891089109
276.0 665.5148514851485
276.0 991.2772277227723
276.0 1145.8316831683169
276.0 780.5841584158416
276.0 984.6138613861386
276.0 1111.5742574257426
276.0 1482.009900990099
276.0 1204.019801980198
276.0 1151.4455445544554
276.0 1002.6039603960396
276.0 801.059405940594
276.0 754.7920792079208
276.0 766.9702970297029
276.0 692.5544554455446
276.0 848.0891089108911
276.0 695.1386138613861
276.0 885.1683168316831
276.0 1109.920792079208
276.0 1005.8514851485148
276.0 1028.7722772277227
276.0 1021.2079207920792
276.0 1043.09900990099
276.0 1009.5346534653465
276.0 1128.5445544554455
276.0 1412.3366336633662
276.0 1058.990099009901
276.0 1356.3663366336634
276.0 1178.3168316831684
276.0 865.1584158415842
276.0 908.4851485148515
276.0 651.4851485148515
276.0 754.4950495049505
276.0 868.7821782178218
276.0 598.8316831683169
276.0 819.5643564356436
276.0 884.2079207920792
276.0 1040.7821782178219
276.0 917.3762376237623
276.0 1082.7425742574258
276.0 1210.1782178217823
276.0 1285.4554455445545
276.0 1036.8217821782177
276.0 1019.0792079207921
276.0 901.9108910891089
276.0 908.4356435643564
276.0 1081.1683168316831
276.0 990.6732673267327
276.0 1041.1386138613861
279.0 954.2772277227723
279.0 854.6039603960396
279.0 930.6039603960396
279.0 1211.7722772277227
279.0 843.2277227722773
279.0 1010.8514851485148
279.0 1130.0
279.0 1068.3366336633662
279.0 1061.6732673267327
279.0 1066.8118811881188
279.0 1176.1782178217823
279.0 1291.7623762376238
279.0 1311.9405940594058
279.0 1200.5445544554455
279.0 1177.7227722772277
279.0 937.0
279.0 1061.7524752475247
254.0 1137.8019801980197
254.0 862.6732673267327
254.0 697.3366336633663
254.0 1031.960396039604
254.0 1147.930693069307
254.0 786.6732673267327
254.0 1117.6534653465346
254.0 1385.6237623762377
254.0 1233.90099009901
254.0 1455.4158415841584
254.0 1431.7722772277227
254.0 1203.7524752475247
254.0 914.9108910891089
254.0 1176.8019801980197
254.0 1117.6435643564357
254.0 1006.1485148514852
254.0 996.049504950495
254.0 762.950495049505
254.0 920.990099009901
254.0 772.4059405940594
254.0 1129.2871287128712
254.0 1034.7821782178219
254.0 892.960396039604
254.0 1096.1584158415842
254.0 997.0792079207921
254.0 1183.1782178217823
254.0 1193.1584158415842
254.0 1494.970297029703
254.0 1026.7821782178219
254.0 1086.970297029703
254.0 1034.8019801980197
254.0 1550.7821782178219
254.0 1212.8217821782177
254.0 1090.6138613861385
254.0 1068.5346534653465
254.0 868.6831683168317
254.0 979.7623762376238
254.0 1152.920792079208
254.0 910.1287128712871
254.0 1258.069306930693
254.0 1311.4950495049504
187.0 1211.4455445544554
187.0 1014.7821782178218
187.0 1247.980198019802
187.0 1116.4653465346535
187.0 1242.2970297029703
187.0 1189.5049504950496
187.0 1054.4554455445545
187.0 1049.7722772277227
187.0 989.7029702970297
187.0 1293.3663366336634
187.0 1272.4752475247524
187.0 1349.1287128712872
187.0 1168.079207920792
187.0 887.8712871287129
187.0 778.6138613861386
187.0 568.1287128712871
187.0 786.049504950495
187.0 855.9108910891089
187.0 736.2475247524752
187.0 877.6237623762377
187.0 896.8316831683169
187.0 1073.5247524752476
187.0 847.950495049505
187.0 997.1980198019802
187.0 1182.6336633663366
187.0 1182.5247524752476
187.0 1067.1980198019803
187.0 789.9207920792079
187.0 899.1386138613861
187.0 797.6831683168317
187.0 1023.009900990099
187.0 945.2574257425742
187.0 987.8316831683169
187.0 1041.8613861386139
187.0 1288.7227722772277
187.0 958.0990099009902
187.0 962.1683168316831
187.0 985.7326732673267
187.0 1273.4851485148515
187.0 980.9207920792079
187.0 873.4356435643564
187.0 669.7623762376238
187.0 1056.920792079208
187.0 1099.1881188118812
187.0 819.2277227722773
187.0 1082.4257425742574
187.0 947.940594059406
187.0 785.059405940594
187.0 797.6039603960396
187.0 1015.3069306930693
187.0 982.6336633663366
187.0 1055.7227722772277
187.0 987.7128712871287
187.0 1228.4950495049504
187.0 964.7029702970297
187.0 1092.1287128712872
187.0 1020.1881188118812
187.0 848.6732673267327
187.0 789.950495049505
187.0 869.7227722772277
187.0 1044.980198019802
100.0 948.4356435643564
100.0 771.6336633663366
100.0 579.2376237623762
100.0 856.940594059406
100.0 775.3267326732673
100.0 655.6039603960396
100.0 747.2970297029703
100.0 974.7920792079208
100.0 937.4950495049505
100.0 925.4752475247525
100.0 559.7821782178218
100.0 636.3465346534654
100.0 724.3366336633663
100.0 563.2475247524752
100.0 1008.4554455445544
100.0 753.8910891089109
100.0 800.6930693069307
100.0 1042.90099009901
100.0 930.2772277227723
100.0 701.3564356435644
100.0 1130.3663366336634
100.0 849.7128712871287
100.0 1053.3366336633662
100.0 982.009900990099
100.0 838.1485148514852
100.0 786.8217821782179
100.0 987.7821782178218
100.0 1067.6732673267327
100.0 954.4752475247525
100.0 882.3366336633663
100.0 652.1881188118812
100.0 869.2871287128713
100.0 747.7128712871287
100.0 987.5841584158416
100.0 962.4455445544554
100.0 1071.2673267326732
100.0 1082.8415841584158
100.0 1448.851485148515
100.0 1426.6633663366338
100.0 1258.3069306930693
100.0 937.5742574257425
100.0 759.8019801980198
100.0 602.3564356435644
100.0 646.0891089108911
100.0 935.8811881188119
100.0 695.7326732673267
100.0 851.6930693069307
100.0 1226.2277227722773
100.0 1051.6633663366338
100.0 632.019801980198
100.0 912.6138613861386
100.0 787.7920792079208
100.0 649.2178217821782
100.0 742.1980198019802
100.0 908.1485148514852
100.0 899.0990099009902
100.0 909.9108910891089
100.0 937.8712871287129
100.0 754.4950495049505
100.0 741.1683168316831
100.0 869.7920792079208
100.0 822.1188118811881
100.0 1121.930693069307
100.0 1164.6336633663366
100.0 1335.6039603960396
100.0 1302.6435643564357
100.0 1047.6930693069307
100.0 750.7425742574258
100.0 691.7029702970297
100.0 943.8118811881188
100.0 1030.8712871287128
100.0 1146.2574257425742
100.0 1107.8118811881188
100.0 1262.049504950495
100.0 1074.8712871287128
100.0 1112.8118811881188
100.0 867.1782178217821
100.0 807.1188118811881
100.0 810.3267326732673
100.0 554.3465346534654
100.0 735.0297029702971
100.0 680.8910891089109
100.0 872.4455445544554
100.0 777.3069306930693
100.0 667.8316831683169
100.0 780.4455445544554
100.0 1144.7722772277227
100.0 751.6039603960396
100.0 825.7920792079208
100.0 767.2574257425742
100.0 653.039603960396
100.0 816.5049504950495
100.0 762.7524752475248
100.0 680.6138613861386
100.0 518.4356435643564
100.0 846.0297029702971
100.0 1191.8415841584158
100.0 891.7425742574258
100.0 1083.039603960396
100.0 1081.5940594059407
100.0 639.4752475247525
100.0 762.7227722772277
100.0 900.6633663366337
100.0 1098.4950495049504
100.0 960.4653465346535
100.0 839.3663366336634
100.0 1073.8712871287128
100.0 1025.09900990099
100.0 1027.4554455445545
100.0 1224.90099009901
100.0 951.2871287128713
100.0 962.8910891089109
100.0 898.4158415841584
100.0 866.4455445544554
100.0 1138.5247524752476
100.0 879.009900990099
100.0 883.8910891089109
100.0 771.3465346534654
100.0 835.059405940594
100.0 775.0792079207921
100.0 968.8019801980198
100.0 916.1782178217821
100.0 1041.3861386138615
100.0 1335.4059405940593
100.0 997.3069306930693
100.0 998.8118811881188
100.0 900.8415841584158
100.0 810.2970297029703
100.0 667.2871287128713
100.0 717.1386138613861
100.0 681.5940594059406
100.0 786.6534653465346
100.0 776.9702970297029
100.0 579.7326732673267
100.0 884.3168316831683
100.0 892.7128712871287
100.0 1386.3564356435643
100.0 1208.0594059405942
100.0 717.5841584158416
100.0 739.6336633663366
100.0 772.8613861386139
100.0 1233.3465346534654
100.0 1140.3762376237623
100.0 876.980198019802
100.0 913.5346534653465
100.0 1070.4059405940593
100.0 746.019801980198
100.0 1061.4257425742574
100.0 833.7920792079208
100.0 846.2079207920792
100.0 729.8514851485148
100.0 715.6930693069307
100.0 633.5643564356436
100.0 771.9207920792079
100.0 1074.3168316831684
100.0 1047.7425742574258
100.0 937.0792079207921
100.0 836.0297029702971
100.0 779.5445544554456
100.0 558.6039603960396
100.0 1148.7425742574258
100.0 1001.3663366336634
100.0 696.7326732673267
100.0 708.4455445544554
100.0 620.1782178217821
100.0 704.1485148514852
100.0 714.4950495049505
100.0 853.1287128712871
100.0 679.0297029702971
100.0 593.3465346534654
100.0 865.5940594059406
100.0 1074.6633663366338
100.0 725.1287128712871
100.0 729.3564356435644
100.0 857.2970297029703
100.0 902.0
100.0 741.3069306930693
100.0 843.2475247524752
100.0 921.9009900990098
100.0 1045.1782178217823
100.0 1092.7623762376238
100.0 946.9009900990098
100.0 498.1485148514852
100.0 791.4356435643564
100.0 708.5742574257425
100.0 924.5247524752475
100.0 1066.079207920792
100.0 848.8316831683169
100.0 851.059405940594
100.0 873.9306930693069
100.0 936.2376237623762
100.0 1125.5148514851485
100.0 800.039603960396
100.0 906.6039603960396
100.0 1125.118811881188
100.0 1242.029702970297
100.0 1086.950495049505
100.0 1089.6534653465346
100.0 1054.950495049505
100.0 900.0693069306931
100.0 752.7128712871287
100.0 1110.5445544554455
100.0 808.980198019802
100.0 921.2475247524752
100.0 681.009900990099
100.0 829.4851485148515
100.0 819.6930693069307
100.0 865.7326732673267
100.0 638.3861386138614
100.0 786.1782178217821
100.0 621.9207920792079
100.0 987.4059405940594
100.0 1576.3564356435643
100.0 1267.6039603960396
100.0 956.0
100.0 821.940594059406
100.0 842.2871287128713
100.0 872.1287128712871
100.0 889.009900990099
100.0 902.0990099009902
100.0 1211.049504950495
100.0 1122.1287128712872
100.0 991.9009900990098
100.0 1168.019801980198
100.0 926.5544554455446
100.0 628.2079207920792
100.0 707.3366336633663
100.0 893.4455445544554
100.0 981.019801980198
100.0 716.5643564356436
100.0 799.1881188118812
100.0 894.9207920792079
100.0 1175.6930693069307
100.0 1270.09900990099
100.0 1089.8118811881188
100.0 570.4851485148515
100.0 565.9009900990098
100.0 776.2079207920792
100.0 834.3960396039604
100.0 847.8316831683169
100.0 922.4851485148515
100.0 1209.3564356435643
100.0 867.6336633663366
100.0 676.1485148514852
100.0 744.4158415841584
100.0 1106.7029702970297
100.0 785.039603960396
100.0 1230.990099009901
100.0 830.5643564356436
100.0 1068.6138613861385
100.0 953.3366336633663
100.0 824.039603960396
100.0 622.8613861386139
100.0 605.8514851485148
100.0 709.3861386138614
100.0 809.3069306930693
100.0 982.009900990099
100.0 853.2970297029703
100.0 853.3069306930693
100.0 782.8217821782179
100.0 817.8712871287129
100.0 729.3762376237623
100.0 1040.049504950495
100.0 914.7128712871287
100.0 1012.6138613861386
100.0 1186.881188118812
100.0 1040.6633663366338
100.0 922.1386138613861
100.0 879.4653465346535
100.0 705.1782178217821
100.0 791.7623762376238
100.0 1038.4554455445545
100.0 876.1683168316831
100.0 877.3168316831683
100.0 947.8712871287129
100.0 920.7128712871287
100.0 1162.4059405940593
100.0 1244.3267326732673
100.0 1134.2871287128712
100.0 823.5148514851485
100.0 767.0297029702971
100.0 975.4455445544554
100.0 783.5346534653465
100.0 695.8316831683169
100.0 934.7920792079208
100.0 1117.5742574257426
100.0 828.3960396039604
100.0 800.2475247524752
100.0 829.0891089108911
100.0 901.8910891089109
100.0 954.8811881188119
100.0 1214.4752475247524
100.0 1304.009900990099
100.0 860.039603960396
100.0 836.2673267326733
100.0 588.4554455445544
100.0 1133.1386138613861
100.0 905.8217821782179
100.0 1121.960396039604
100.0 761.1188118811881
100.0 606.2970297029703
100.0 607.1683168316831
100.0 920.7128712871287
100.0 811.2970297029703
100.0 818.6237623762377
100.0 996.4653465346535
100.0 856.4059405940594
100.0 785.3663366336634
100.0 731.0990099009902
100.0 752.7623762376238
100.0 859.5544554455446
100.0 1085.2871287128712
100.0 885.8514851485148
100.0 752.2772277227723
100.0 756.2475247524752
100.0 1069.3168316831684
100.0 1115.0891089108911
100.0 617.7029702970297
100.0 527.990099009901
100.0 600.8019801980198
100.0 874.4950495049505
100.0 897.7029702970297
100.0 694.3069306930693
100.0 613.5445544554456
100.0 780.0
100.0 1140.3663366336634
100.0 1227.1584158415842
100.0 743.1386138613861
100.0 804.9207920792079
100.0 900.9009900990098
100.0 1012.8712871287129
100.0 1118.851485148515
100.0 754.1089108910891
100.0 706.9306930693069
100.0 704.5445544554456
97.0 847.3663366336634
97.0 1060.8118811881188
97.0 741.059405940594
97.0 1012.3168316831683
97.0 1008.3663366336634
97.0 1072.09900990099
97.0 1083.7524752475247
97.0 1147.0891089108911
97.0 1237.6831683168316
97.0 804.8712871287129
97.0 1248.5148514851485
97.0 1045.2277227722773
97.0 1095.4752475247524
97.0 993.9108910891089
97.0 590.1287128712871
97.0 861.2970297029703
97.0 774.2178217821782
97.0 892.1980198019802
97.0 786.5841584158416
97.0 837.2079207920792
97.0 514.3267326732673
97.0 829.1980198019802
97.0 622.049504950495
97.0 541.1980198019802
97.0 880.5049504950495
97.0 801.1188118811881
97.0 993.4752475247525
97.0 872.9702970297029
97.0 875.1485148514852
97.0 734.019801980198
97.0 926.0
97.0 570.960396039604
97.0 658.3861386138614
97.0 578.5247524752475
97.0 692.7227722772277
97.0 770.1980198019802
97.0 996.5841584158416
97.0 738.2178217821782
97.0 930.2673267326733
97.0 1214.950495049505
97.0 1192.118811881188
97.0 1065.6633663366338
97.0 921.7227722772277
97.0 1128.5841584158416
97.0 949.1584158415842
97.0 943.4752475247525
97.0 990.2673267326733
97.0 929.0
97.0 875.4851485148515
93.0 1050.6039603960396
93.0 797.8613861386139
93.0 708.6633663366337
93.0 960.5148514851485
93.0 542.3366336633663
93.0 1094.5049504950496
93.0 1343.7623762376238
93.0 1191.970297029703
93.0 1090.0
93.0 1206.2079207920792
93.0 858.5247524752475
93.0 1014.4257425742575
93.0 943.4554455445544
93.0 1147.1287128712872
93.0 954.950495049505
93.0 1134.7524752475247
93.0 906.7821782178218
93.0 1029.5643564356435
93.0 978.2772277227723
93.0 752.950495049505
93.0 671.8811881188119
93.0 774.1683168316831
93.0 799.5445544554456
93.0 900.7227722772277
93.0 1025.3762376237623
93.0 849.1881188118812
93.0 1197.6633663366338
93.0 804.1683168316831
93.0 838.6732673267327
93.0 799.2178217821782
93.0 850.2970297029703
93.0 991.6831683168317
93.0 1155.8118811881188
93.0 921.4158415841584
93.0 809.1980198019802
93.0 571.3762376237623
93.0 712.6435643564356
93.0 611.4455445544554
93.0 851.2475247524752
93.0 805.8712871287129
93.0 442.18811881188117
93.0 745.980198019802
93.0 434.76237623762376
93.0 644.5247524752475
93.0 717.990099009901
93.0 786.9009900990098
93.0 985.3168316831683
93.0 953.6534653465346
93.0 882.009900990099
93.0 884.1584158415842
93.0 947.9702970297029
93.0 1273.9108910891089
93.0 966.8019801980198
93.0 1140.1287128712872
93.0 1173.1089108910892
93.0 666.3267326732673
93.0 890.5742574257425
93.0 993.7920792079208
93.0 806.3564356435644
93.0 668.039603960396
93.0 1030.3168316831684
93.0 1085.8118811881188
93.0 846.5742574257425
93.0 787.6435643564356
93.0 783.4356435643564
93.0 767.8118811881188
93.0 849.2376237623762
93.0 774.8217821782179
93.0 672.5643564356436
93.0 917.0891089108911
93.0 929.1485148514852
93.0 1172.5445544554455
93.0 1168.7326732673268
93.0 839.1980198019802
93.0 708.2079207920792
93.0 1158.8316831683169
93.0 670.6039603960396
93.0 516.2871287128713
93.0 674.5544554455446
93.0 792.4455445544554
93.0 1117.8019801980197
93.0 887.6435643564356
93.0 785.5247524752475
93.0 1109.881188118812
93.0 1084.7722772277227
93.0 786.3267326732673
93.0 991.0
93.0 706.3663366336634
93.0 868.8613861386139
93.0 898.0891089108911
93.0 888.4752475247525
93.0 931.5049504950495
93.0 850.5940594059406
93.0 912.1188118811881
93.0 673.4653465346535
93.0 763.3069306930693
93.0 872.4554455445544
93.0 810.5346534653465
93.0 1097.1980198019803
93.0 744.1782178217821
93.0 724.6138613861386
93.0 891.7029702970297
93.0 778.5940594059406
93.0 800.7227722772277
93.0 824.3366336633663
93.0 943.7425742574258
93.0 811.2376237623762
93.0 756.4257425742575
93.0 731.4059405940594
93.0 652.8217821782179
93.0 781.6336633663366
93.0 740.8514851485148
93.0 1071.09900990099
93.0 945.2178217821782
93.0 701.5247524752475
93.0 899.6633663366337
93.0 1230.6138613861385
93.0 1119.4554455445545
93.0 561.6831683168317
93.0 486.08910891089107
93.0 681.2673267326733
93.0 664.4752475247525
93.0 640.7227722772277
93.0 599.8613861386139
93.0 793.3465346534654
93.0 769.1881188118812
93.0 709.4752475247525
93.0 611.8712871287129
93.0 495.71287128712873
93.0 775.7722772277227
93.0 827.4257425742575
93.0 783.4950495049505
93.0 1092.4455445544554
93.0 796.1683168316831
93.0 1097.4851485148515
93.0 1065.8118811881188
93.0 904.2178217821782
93.0 571.4752475247525
93.0 749.5643564356436
93.0 629.3168316831683
93.0 952.2673267326733
93.0 770.1188118811881
93.0 1248.6732673267327
93.0 1033.118811881188
93.0 1047.4455445544554
93.0 767.8811881188119
93.0 913.9306930693069
93.0 965.2079207920792
93.0 654.6435643564356
93.0 668.4851485148515
93.0 1066.9108910891089
93.0 884.0297029702971
93.0 963.5049504950495
93.0 711.1782178217821
93.0 745.0990099009902
93.0 897.4653465346535
93.0 930.6831683168317
93.0 737.3069306930693
93.0 1001.6633663366337
93.0 1014.4653465346535
93.0 1052.0594059405942
93.0 1012.2772277227723
93.0 1244.3960396039604
93.0 1362.5445544554455
93.0 1084.6732673267327
93.0 774.6930693069307
93.0 761.4356435643564
93.0 807.4653465346535
93.0 793.9009900990098
93.0 1005.9009900990098
93.0 807.950495049505
93.0 737.0297029702971
93.0 973.5742574257425
93.0 873.8613861386139
93.0 996.3861386138614
93.0 816.940594059406
93.0 722.4257425742575
93.0 891.7326732673267
93.0 1354.5742574257426
93.0 1138.2871287128712
93.0 926.960396039604
93.0 1147.5742574257426
93.0 823.9009900990098
93.0 571.5445544554456
93.0 1108.960396039604
93.0 820.6930693069307
93.0 790.8613861386139
93.0 850.4158415841584
92.0 1066.2376237623762
92.0 870.1485148514852
92.0 946.3069306930693
92.0 1226.1584158415842
92.0 848.4356435643564
92.0 1019.3069306930693
92.0 794.2871287128713
92.0 782.1782178217821
92.0 780.9306930693069
92.0 1064.09900990099
92.0 761.8811881188119
92.0 791.4257425742575
92.0 885.0891089108911
92.0 1280.5049504950496
92.0 745.4356435643564
92.0 744.059405940594
92.0 1065.5643564356435
92.0 947.5841584158416
92.0 1029.3267326732673
92.0 1091.0891089108911
92.0 793.1782178217821
92.0 883.4455445544554
92.0 942.2574257425742
92.0 768.1188118811881
92.0 681.5643564356436
92.0 938.990099009901
92.0 1051.8118811881188
