0.0012300123001230013 4.049913263761965E-4
0.0012300123001230013 4.5116823626014854E-4
0.0012300123001230013 4.903489718953541E-4
0.0012300123001230013 5.183807260125736E-4
0.0012300123001230013 5.425710468495954E-4
0.001240079365079365 5.960472918621656E-4
0.001603077909586406 7.352152789618232E-4
0.0020815986677768525 8.623823112481687E-4
0.0020815986677768525 9.06193328201815E-4
0.0020815986677768525 0.0010565893870409457
0.002168256721595837 0.0010845130635192383
0.002168256721595837 0.001202493763329019
0.002168256721595837 0.0013689084146006878
0.0025746652935118436 0.0014748674526582262
0.0025746652935118436 0.0016416290968665767
0.0028216704288939053 0.0017628480016560345
0.0033200531208499337 0.0020065355442033233
0.003924646781789639 0.0022102072238499595
0.003924646781789639 0.002334548315486839
0.003924646781789639 0.0025178311171605073
0.003958828186856691 0.0025790583332256367
0.003958828186856691 0.0029624500354973886
0.004935834155972359 0.003085711820072934
0.004935834155972359 0.003470760540010837
0.005040322580645161 0.0034130545122043623
0.005040322580645161 0.003392793726118307
0.006016847172081829 0.0033179236778997836
0.006016847172081829 0.00363696639034924
0.006016847172081829 0.003887732753615531
0.006016847172081829 0.004172361802095778
0.006016847172081829 0.004392190528484931
0.006016847172081829 0.00449293566013935
0.00641025641025641 0.004807087742538065
0.007183908045977012 0.004820672846485816
0.0099601593625498 0.004916426846223046
0.0099601593625498 0.0045736346261129185
0.0099601593625498 0.0047299068830384955
0.010526315789473684 0.004731702096496779
0.01059322033898305 0.005320901840154697
0.01059322033898305 0.005350688632625158
0.01059322033898305 0.0051689113553778955
0.01059322033898305 0.006864988379676741
0.01059322033898305 0.007265629806826539
0.01059322033898305 0.006953033811455718
0.01059322033898305 0.006063421102851675
0.01059322033898305 0.006183113840153297
0.01059322033898305 0.006733555484288187
0.01059322033898305 0.006867679645914767
0.01059322033898305 0.0072795601158693836
0.01059322033898305 0.00683352491270826
0.01059322033898305 0.007388115177388874
0.01059322033898305 0.007133963991069531
0.01059322033898305 0.0077002373284534315
0.01059322033898305 0.007728810510975561
0.01059322033898305 0.007997238101877671
0.01059322033898305 0.008482248509249366
0.01059322033898305 0.007767113563939356
0.01059322033898305 0.007902054888154602
0.014084507042253521 0.008747194763278909
0.014084507042253521 0.008119102829955128
0.014084507042253521 0.009561611207150818
0.014084507042253521 0.00928067018006241
0.014084507042253521 0.010744990758677839
0.014084507042253521 0.010329704173664318
0.014084507042253521 0.009784956394337106
0.014084507042253521 0.010344554626085698
0.014084507042253521 0.01159979589600546
0.014084507042253521 0.010587076215834334
0.014084507042253521 0.010100227022868755
0.014084507042253521 0.010419452476173414
0.014084507042253521 0.011136882723853419
0.014084507042253521 0.010499928405216616
0.014084507042253521 0.009539343821817741
0.014084507042253521 0.009574265184960655
0.014084507042253521 0.009540242053117303
0.014084507042253521 0.01032901872855117
0.014084507042253521 0.01050681321260247
0.014084507042253521 0.010066200519427719
0.014084507042253521 0.010762431704615527
0.014084507042253521 0.011341882122339319
0.014084507042253521 0.012376826646164059
0.014084507042253521 0.011215354797592874
0.014084507042253521 0.010109388323315567
0.014084507042253521 0.010944224742782803
0.014084507042253521 0.010785231558795029
0.014084507042253521 0.010911275456329054
0.014084507042253521 0.010754607088234166
0.014084507042253521 0.010976091552730523
0.014084507042253521 0.010897732973794223
0.014084507042253521 0.011133477192092255
0.014084507042253521 0.010909402153793622
0.014084507042253521 0.01055871008105545
0.014084507042253521 0.010274301327413143
0.014084507042253521 0.00978786439520939
0.014245014245014245 0.009796202635437191
0.014245014245014245 0.009791405243297052
0.014245014245014245 0.010487468964898921
0.014245014245014245 0.011871053995234675
0.014245014245014245 0.01223592051864395
0.014245014245014245 0.010516041097095143
0.014245014245014245 0.011516343949631013
0.014245014245014245 0.0101276748931501
0.014245014245014245 0.009915076873387559
0.014245014245014245 0.009462463667527959
0.014245014245014245 0.009837564429795189
0.014245014245014245 0.010957439332105
0.014245014245014245 0.010545297816677051
0.014245014245014245 0.010042118488430101
0.014245014245014245 0.01049163015981958
0.014245014245014245 0.009168636946766395
0.014245014245014245 0.007820201285173247
0.014245014245014245 0.0084667781646482
0.014245014245014245 0.007461552095226253
0.014245014245014245 0.008721180482290009
0.014245014245014245 0.00912437578700331
0.014245014245014245 0.009470899221142807
0.014245014245014245 0.010062692466324907
0.014245014245014245 0.010112595018976498
0.016181229773462785 0.011269384910896678
0.016181229773462785 0.010263154841195849
0.016181229773462785 0.009615247571408204
0.016181229773462785 0.00973777827982611
0.016181229773462785 0.010008756065189106
0.016181229773462785 0.010336419100416895
0.016181229773462785 0.009388066069867255
0.016181229773462785 0.009527282927943016
0.016181229773462785 0.010494478967817494
0.016181229773462785 0.011978540700422258
0.016181229773462785 0.011498676255725714
0.016181229773462785 0.012137433328987585
0.016181229773462785 0.01288155837022914
0.016181229773462785 0.013625677955303776
0.016181229773462785 0.012843688504736904
0.016181229773462785 0.013114740960465386
0.016181229773462785 0.013664236595473918
0.016181229773462785 0.01232112856511654
0.016181229773462785 0.011561293222512448
0.016181229773462785 0.011624265749151364
0.016181229773462785 0.010851996859188286
0.016181229773462785 0.011149441726382402
0.016181229773462785 0.012167702447839508
0.016181229773462785 0.012427955602648793
0.016181229773462785 0.011967293340684445
0.016181229773462785 0.01166759882453961
0.016181229773462785 0.01244482982768025
0.016233766233766232 0.013505935790909309
0.016233766233766232 0.013028701239779112
0.016233766233766232 0.012446255354750219
0.016233766233766232 0.011929165512254284
0.016233766233766232 0.012498581793770122
0.016233766233766232 0.012957976183405186
0.016233766233766232 0.012838673192364036
0.016233766233766232 0.011833436922342436
0.016233766233766232 0.012692877948092237
0.016233766233766232 0.012732202923901731
0.016233766233766232 0.011585425036925834
0.016233766233766232 0.011540433438909242
0.016233766233766232 0.010798176385437149
0.016233766233766232 0.009765678216838087
0.016233766233766232 0.010984731851540306
0.021739130434782608 0.012099202251756437
0.021739130434782608 0.011842654875148559
0.021739130434782608 0.012844255715671297
0.021739130434782608 0.012796794876171635
0.021739130434782608 0.01229555277723906
0.021739130434782608 0.011708396264661908
0.021739130434782608 0.012448794372052473
0.021739130434782608 0.013255107215416504
0.021739130434782608 0.01252667568682981
0.021739130434782608 0.011686617589579206
0.021739130434782608 0.012465846122413854
0.021739130434782608 0.011540160863977328
0.021739130434782608 0.011627254305439453
0.021739130434782608 0.015099170529930164
0.021739130434782608 0.015018479850694669
0.021739130434782608 0.015248568021041273
0.021739130434782608 0.015833831430249405
0.021739130434782608 0.016215169728152862
0.021739130434782608 0.015013505911133141
0.021739130434782608 0.01578315714562693
0.021739130434782608 0.015117337027122028
0.021739130434782608 0.01565303677743329
0.021739130434782608 0.013727656026806008
0.021739130434782608 0.015597009530140094
0.021739130434782608 0.01538562360060819
0.021739130434782608 0.016863505703915635
0.021739130434782608 0.015521590260457237
0.021739130434782608 0.016630649596926318
0.021739130434782608 0.017089848362140957
0.021739130434782608 0.015045178754405657
0.021739130434782608 0.01602557426747354
0.021739130434782608 0.01455726268298232
0.021739130434782608 0.013410906531937663
0.021739130434782608 0.012521815174831929
0.021739130434782608 0.014919639509053405
0.021739130434782608 0.014238516905288382
0.02183406113537118 0.016689914727002698
0.02183406113537118 0.01546526382179342
0.02183406113537118 0.01526391595172572
0.02183406113537118 0.014843126563651679
0.02183406113537118 0.015882047817897718
0.02183406113537118 0.01601278330252447
0.02183406113537118 0.01592458637249761
0.02183406113537118 0.016311070391831287
0.02183406113537118 0.015020859935752369
0.02183406113537118 0.01601613315542801
0.02183406113537118 0.015897358465874315
0.02183406113537118 0.015845662204552177
0.02183406113537118 0.01629723835753136
0.02183406113537118 0.01597132837457218
0.02183406113537118 0.01578511066324136
0.02183406113537118 0.01665360000677621
0.02183406113537118 0.01735465598836824
0.02183406113537118 0.017124779979820294
0.02183406113537118 0.01604529039743938
0.02183406113537118 0.01592918768642161
0.02183406113537118 0.01553073101543208
0.02183406113537118 0.014812228104993478
0.02183406113537118 0.015097136035566415
0.02183406113537118 0.016972086850381738
0.02183406113537118 0.016837863508086415
0.02183406113537118 0.01759625314922608
0.02183406113537118 0.014775295744680084
0.02183406113537118 0.01642628100668652
0.02183406113537118 0.01700609738565852
0.02183406113537118 0.01675814027014903
0.02183406113537118 0.01699697880006822
0.02183406113537118 0.01645912096568195
0.02183406113537118 0.01597725990553806
0.02183406113537118 0.01720137292145914
0.02183406113537118 0.01661308990266215
0.02183406113537118 0.015356738464935203
0.02183406113537118 0.015839718043586373
0.02183406113537118 0.0143042169011921
0.02183406113537118 0.01704779148811105
0.02183406113537118 0.01786781975974734
0.02183406113537118 0.014758367280373297
0.02183406113537118 0.014777374523015
0.02183406113537118 0.015409560030422584
0.02183406113537118 0.015972389241031386
0.02183406113537118 0.016269057662926117
0.02183406113537118 0.017863052474915042
0.02183406113537118 0.016640546770997633
0.02183406113537118 0.015221173478125122
0.02183406113537118 0.014615674817500934
0.02183406113537118 0.013774687824530093
0.02183406113537118 0.016310508787706977
0.02183406113537118 0.016174826217265025
0.02183406113537118 0.015239895991024547
0.02183406113537118 0.01616176554519495
0.02183406113537118 0.01757078415042092
0.02183406113537118 0.015984155179254663
0.02183406113537118 0.017331086323194748
0.02183406113537118 0.017673433937638008
0.02183406113537118 0.015826895726115738
0.02183406113537118 0.01437807652990027
0.02183406113537118 0.016069697852456728
0.02183406113537118 0.016726926011639373
0.02463054187192118 0.017292861504080936
0.02463054187192118 0.01703622898781841
0.02463054187192118 0.01740045272666774
0.02463054187192118 0.01644749141519871
0.02463054187192118 0.016921592375316683
0.02463054187192118 0.018249919007611262
0.02463054187192118 0.01804152281214493
0.02463054187192118 0.016587520007798083
0.02463054187192118 0.019341444301021263
0.02463054187192118 0.018714449051431343
0.02463054187192118 0.019136498845034405
0.02463054187192118 0.017545077910075788
0.02463054187192118 0.016625029522190766
0.02463054187192118 0.019289812839712272
0.02463054187192118 0.019202706880911552
0.02463054187192118 0.02029986724784994
0.025252525252525252 0.018974269923550016
0.025252525252525252 0.017351503945708065
0.025252525252525252 0.015812872688562817
0.025252525252525252 0.015489726995631318
0.025252525252525252 0.014227141362616057
0.025252525252525252 0.014371185363063883
0.025252525252525252 0.015398133252483768
0.025252525252525252 0.015431831959797719
0.025252525252525252 0.01706221495272174
0.025252525252525252 0.017888536831662322
0.025252525252525252 0.017900347299018037
0.025252525252525252 0.016874429016281087
0.025252525252525252 0.017191118747678886
0.025252525252525252 0.016804126878811772
0.025252525252525252 0.01672007585942447
0.025252525252525252 0.01749786347103331
0.025252525252525252 0.016122792634183168
0.025252525252525252 0.018275472220227327
0.025252525252525252 0.019041417951025805
0.025252525252525252 0.019260657911989595
0.025252525252525252 0.019833011666455555
0.025252525252525252 0.01755425311408191
0.025252525252525252 0.018314569995110372
0.025252525252525252 0.019009105376856614
0.025252525252525252 0.017526082373218305
0.025252525252525252 0.0202088341913738
0.025252525252525252 0.018777787145637215
0.025252525252525252 0.019045678505362883
0.025252525252525252 0.017818894376235708
0.025252525252525252 0.0166571571349363
0.025252525252525252 0.016828458450782163
0.025252525252525252 0.01559612275071966
0.025252525252525252 0.017341256389040948
0.025252525252525252 0.02031854436659675
0.025252525252525252 0.02023665109899943
0.025252525252525252 0.0186947863154484
0.025252525252525252 0.017101724055520663
0.025252525252525252 0.019226792466642138
0.025252525252525252 0.02101537566909626
0.025252525252525252 0.018716775259446938
0.025252525252525252 0.01899368071555712
0.025252525252525252 0.018631702409015308
0.025252525252525252 0.02205322089954985
0.025252525252525252 0.021239085228268333
0.025252525252525252 0.021152074080444908
0.025252525252525252 0.016328616642091853
0.025252525252525252 0.019159506814144748
0.025252525252525252 0.01918454980799073
0.025252525252525252 0.019074296568147953
0.025252525252525252 0.019450034660697797
0.025252525252525252 0.020561833735473017
0.025252525252525252 0.019492919371511517
0.025252525252525252 0.019863988495236854
0.025252525252525252 0.01890761708101896
0.025252525252525252 0.018414261879820964
0.025252525252525252 0.01750480158151909
0.025252525252525252 0.016919209470728926
0.025252525252525252 0.01655341359117131
0.025252525252525252 0.01749634587453486
0.025252525252525252 0.018197167460271325
0.025252525252525252 0.015825334517587858
0.025252525252525252 0.01475344988189916
0.025252525252525252 0.014403847069808568
0.025252525252525252 0.018808410626075366
0.025252525252525252 0.01880614425391585
0.025252525252525252 0.017121933048427126
0.025252525252525252 0.016565394633712236
0.025252525252525252 0.020157946297661423
0.025252525252525252 0.01863866470071689
0.025252525252525252 0.01732276279807885
0.025252525252525252 0.017107878044369373
0.025252525252525252 0.01941371920204245
0.025252525252525252 0.01914254222452911
0.025252525252525252 0.02122305765166722
0.025252525252525252 0.020604208856023473
0.025252525252525252 0.020899733184456207
0.025252525252525252 0.020276500808203674
0.025252525252525252 0.018604851035941672
0.025252525252525252 0.01819358191788597
0.025252525252525252 0.014916515601041272
0.025252525252525252 0.015784932341215318
0.025252525252525252 0.01772014935786964
0.03184713375796178 0.01873272787203224
0.03184713375796178 0.02009169550655886
0.03184713375796178 0.019282009477196427
0.03184713375796178 0.019421566120482656
0.03184713375796178 0.01941837672686195
0.03184713375796178 0.019929457515784368
0.03184713375796178 0.018641715198284826
0.03184713375796178 0.02077315004733333
0.03184713375796178 0.022649201880044368
0.03184713375796178 0.02187212488794362
0.03184713375796178 0.02149811587373534
0.03184713375796178 0.021045689194444477
0.03184713375796178 0.023699862811390866
0.03184713375796178 0.024062034328016502
0.03184713375796178 0.025302946078912713
0.03184713375796178 0.02498084028297053
0.03184713375796178 0.023996982354753487
0.03184713375796178 0.024766268308497548
0.03184713375796178 0.024074965843850563
0.03184713375796178 0.024665721173012838
0.03184713375796178 0.02421526569847664
0.03184713375796178 0.02431706914493656
0.03184713375796178 0.024801849743367476
0.03184713375796178 0.02444842853963024
0.03184713375796178 0.023252608009500242
0.03184713375796178 0.02466585350142953
0.03184713375796178 0.02328666469605879
0.03184713375796178 0.02320581835160288
0.03184713375796178 0.02248457226239142
0.03184713375796178 0.022979725428428896
0.03184713375796178 0.023080220813899856
0.03184713375796178 0.02509277407348507
0.03184713375796178 0.023373001217763256
0.03184713375796178 0.025660423377880544
0.03184713375796178 0.021284158247201163
0.03184713375796178 0.024215437071789882
0.03184713375796178 0.025083717369437847
0.03184713375796178 0.027353573619367202
0.03184713375796178 0.02330274490184325
0.03184713375796178 0.021595545008010808
0.03184713375796178 0.023790666414759513
0.03184713375796178 0.026708373775509622
0.03184713375796178 0.022629527897013595
0.03184713375796178 0.02365814960408772
0.03184713375796178 0.021439921701699817
0.03184713375796178 0.023203786127568588
0.03184713375796178 0.023784764027353984
0.03184713375796178 0.020545647174943484
0.03184713375796178 0.023866585119723484
0.03184713375796178 0.024119555645913473
0.03184713375796178 0.02347056530369776
0.03184713375796178 0.02502582503051063
0.03184713375796178 0.02599980551324762
0.03184713375796178 0.02467012423695364
0.03184713375796178 0.02458723684888373
0.03184713375796178 0.022807066293245616
0.03184713375796178 0.023660711315671355
0.03184713375796178 0.02335449381301339
0.03184713375796178 0.02443944663386654
0.032051282051282055 0.02417481868715528
0.032051282051282055 0.022754948210491246
0.032051282051282055 0.024771513481339595
0.032051282051282055 0.024554818970490885
0.032051282051282055 0.024800652149597372
0.032467532467532464 0.023964320070360094
0.032467532467532464 0.02192904622387297
0.032467532467532464 0.02375755945695017
0.032467532467532464 0.024075153341678313
0.032467532467532464 0.018462963749070048
0.032467532467532464 0.019370881183003338
0.032467532467532464 0.016936213277424537
0.032467532467532464 0.016061240264894527
0.032467532467532464 0.01819833792405341
0.032467532467532464 0.020498475217151278
0.032467532467532464 0.01932738698563931
0.032467532467532464 0.023403139395960667
0.032467532467532464 0.021395146275119844
0.032467532467532464 0.023126276331830835
0.032467532467532464 0.021343833267803196
0.032467532467532464 0.019915891593633734
0.032467532467532464 0.021685743266043018
0.032467532467532464 0.021663008473052116
0.032467532467532464 0.02292231473049396
0.032467532467532464 0.022084917756414704
0.032467532467532464 0.023621298833098277
0.032467532467532464 0.027415775959747646
0.032467532467532464 0.02490020368921649
0.032467532467532464 0.021241954109537643
0.032467532467532464 0.022889067948970037
0.032467532467532464 0.02664662873467284
0.032467532467532464 0.0229532126708621
0.032467532467532464 0.023512113947655875
0.032467532467532464 0.02627954976247658
0.032467532467532464 0.0268447346908869
0.032467532467532464 0.02431512565603784
0.032467532467532464 0.02255471549595223
0.032467532467532464 0.019522005955318146
0.032467532467532464 0.01873426945029999
0.032467532467532464 0.02247618587540952
0.032467532467532464 0.02337453641172057
0.032467532467532464 0.023525332876224235
0.032467532467532464 0.0227830535257422
0.032467532467532464 0.02272739446419865
0.032467532467532464 0.02397370617084159
0.032467532467532464 0.025687999877247004
0.032467532467532464 0.02521118183217606
0.032467532467532464 0.024881994440250237
0.032467532467532464 0.021090250237756483
0.032467532467532464 0.023256305151606104
0.032467532467532464 0.022745418792766554
0.032467532467532464 0.02317242018944484
0.032467532467532464 0.019978732122785853
0.032467532467532464 0.024113954612092384
0.032467532467532464 0.024790740866824947
0.032467532467532464 0.02437160465646058
0.032467532467532464 0.022358072124185887
0.032467532467532464 0.020635241189549198
0.032467532467532464 0.023406801240443198
0.032467532467532464 0.026064149195250165
0.032467532467532464 0.02409795248174013
0.032467532467532464 0.02252409362619423
0.032467532467532464 0.023587849237389
0.032467532467532464 0.021385744141543598
0.032467532467532464 0.021002772346500484
0.032467532467532464 0.01991271277934592
0.032467532467532464 0.0204187213157902
0.032467532467532464 0.021656829989500616
0.032467532467532464 0.021499552170603297
0.032467532467532464 0.017839044765015293
0.032467532467532464 0.019683765391850124
0.032467532467532464 0.021268053884564837
0.032467532467532464 0.02137498040856344
0.032467532467532464 0.02184341311817299
0.032467532467532464 0.021094298416242472
0.032467532467532464 0.0220630200499409
0.032467532467532464 0.024638193308528383
0.032467532467532464 0.025458442012676132
0.032467532467532464 0.02728553143872852
0.03289473684210526 0.027365493741161404
0.03289473684210526 0.02472411991701053
0.03289473684210526 0.02109083850136736
0.03289473684210526 0.02189435634789215
0.03289473684210526 0.02279011110622694
0.03289473684210526 0.02214822505932107
0.03289473684210526 0.021369897138817654
0.03289473684210526 0.023368302373609158
0.03289473684210526 0.021870538868852554
0.03289473684210526 0.020044951303507804
0.03289473684210526 0.023987047500630333
0.03289473684210526 0.020845729335096697
0.03289473684210526 0.020341646449472325
0.03289473684210526 0.024631344133058803
0.03289473684210526 0.021815872142135345
0.03289473684210526 0.020173009219082962
0.03289473684210526 0.01964911099290401
0.03289473684210526 0.0210439248244112
0.03289473684210526 0.019855012980102785
0.03289473684210526 0.019299240882127616
0.03289473684210526 0.02083513801953589
0.03289473684210526 0.02218512634801165
0.03289473684210526 0.023939159181052286
0.03289473684210526 0.02175486600063073
0.03289473684210526 0.022333102730568016
0.03289473684210526 0.022917372771550266
0.03289473684210526 0.021890290010239788
0.03289473684210526 0.02005924855597874
0.03289473684210526 0.020221606182567603
0.03289473684210526 0.021056696207742292
0.03289473684210526 0.02193553438589748
0.03289473684210526 0.02299322924953281
0.03289473684210526 0.02387883594863992
0.03289473684210526 0.025541434109995854
0.03289473684210526 0.025331278438704984
0.03289473684210526 0.026896776632789433
0.03289473684210526 0.02533732616400751
0.03289473684210526 0.021248226107360962
0.03289473684210526 0.024252338752333742
0.03289473684210526 0.02699755440617423
0.03289473684210526 0.025702382159002602
0.03289473684210526 0.02555354431539804
0.03289473684210526 0.025394218224345906
0.03289473684210526 0.023552108873258513
0.03289473684210526 0.022190594487065108
0.034482758620689655 0.026076882449166547
0.034482758620689655 0.02218710602913689
0.034482758620689655 0.021739413728853258
0.034482758620689655 0.023450789964641387
0.034482758620689655 0.02427006845175769
0.034482758620689655 0.01852676149953048
0.034482758620689655 0.019606585159343465
0.034482758620689655 0.02066506518212564
0.034482758620689655 0.023339446826009476
0.034482758620689655 0.02476064355458418
0.034482758620689655 0.02716252586099269
0.034482758620689655 0.02469562604623402
0.034482758620689655 0.024941403469482187
0.034482758620689655 0.02603938746497152
0.034482758620689655 0.025428574174019246
0.034482758620689655 0.024584153392864575
0.034482758620689655 0.020423245461121797
0.034482758620689655 0.023592656480920873
0.034482758620689655 0.025347017661514294
0.034482758620689655 0.026537165274914537
0.034482758620689655 0.022507585840571893
0.034482758620689655 0.02073471980314951
0.034482758620689655 0.021535004655471996
0.034482758620689655 0.02476775865043567
0.034482758620689655 0.027925766259780663
0.034482758620689655 0.027277403315401783
0.034482758620689655 0.02771739491292497
0.034482758620689655 0.027120362404470907
0.034482758620689655 0.02652818440013157
0.034482758620689655 0.025187061277270172
0.034482758620689655 0.023672288574929395
0.034482758620689655 0.026455390467084696
0.034482758620689655 0.02548593203182331
0.034482758620689655 0.024056807725596194
0.034482758620689655 0.027007962864197935
0.034482758620689655 0.024739836862837386
0.034482758620689655 0.023921232327400812
0.034482758620689655 0.024193326815287262
0.034482758620689655 0.02667551060769837
0.034482758620689655 0.025635854142815558
0.034482758620689655 0.025720703510295106
0.034482758620689655 0.02608011067341645
0.034482758620689655 0.02373720072854265
0.034482758620689655 0.022899905076931338
0.034482758620689655 0.025577600478209395
0.034482758620689655 0.027045835299598163
0.034482758620689655 0.024950604780443475
0.034482758620689655 0.024941687328082694
0.034482758620689655 0.025186324703488087
0.034482758620689655 0.02179645494914896
0.034482758620689655 0.022897826539961467
0.034482758620689655 0.02335725901856008
0.034482758620689655 0.0220786950589809
0.034482758620689655 0.021902648844541073
0.034482758620689655 0.02233324672090312
0.034482758620689655 0.022147705027188023
0.034482758620689655 0.02246155874581112
0.034482758620689655 0.022604183064790815
0.034482758620689655 0.022982590304890305
0.034482758620689655 0.021292268997999034
0.034482758620689655 0.020394235844736205
0.034482758620689655 0.0233351086368418
0.034482758620689655 0.02436378324543602
0.034482758620689655 0.026221322965017908
0.034482758620689655 0.029105899838994014
0.034482758620689655 0.02803763303189157
0.034482758620689655 0.027669824707846503
0.034482758620689655 0.028125579025390264
0.034482758620689655 0.026308896826614723
0.034482758620689655 0.025429210185561935
0.034482758620689655 0.02427958493862723
0.034482758620689655 0.022524139773021666
0.034482758620689655 0.020470591878993125
0.034482758620689655 0.023128348129108255
0.034482758620689655 0.02375177828260271
0.034482758620689655 0.02310901657245209
0.034482758620689655 0.027443349146083075
0.034482758620689655 0.025514393541986948
0.034482758620689655 0.028089422302296392
0.034482758620689655 0.027778993160572037
0.034482758620689655 0.02512358745730282
0.034482758620689655 0.02741545388660747
0.034482758620689655 0.02585053582423659
0.034482758620689655 0.024916373132365555
0.034482758620689655 0.021858311556164106
0.034482758620689655 0.022487389785181337
0.034482758620689655 0.0242438910545126
0.034482758620689655 0.026018485532280408
0.034482758620689655 0.023299903215329026
0.034482758620689655 0.02691245518020181
0.034482758620689655 0.022854757002497565
0.034482758620689655 0.023077234960658864
0.034482758620689655 0.025445219223054004
0.034482758620689655 0.021492491412137462
0.04310344827586207 0.026218428563375255
0.04310344827586207 0.026736950301718843
0.04310344827586207 0.026520788173491
0.04310344827586207 0.027385717004693545
0.04310344827586207 0.024395236054331595
0.04310344827586207 0.025516817814850424
0.04310344827586207 0.02530284766730552
0.04310344827586207 0.024868016345329022
0.04310344827586207 0.025577802261782027
0.04310344827586207 0.02823675687545068
0.04310344827586207 0.03093666501252579
0.04310344827586207 0.02921374182404047
0.04310344827586207 0.027393920264448205
0.04310344827586207 0.030049703295515137
0.04310344827586207 0.03554973066871526
0.04310344827586207 0.035728149538888414
0.04310344827586207 0.03231904548324048
0.04310344827586207 0.03035345309033343
0.04310344827586207 0.029016772530631063
0.04310344827586207 0.03047193773777655
0.04310344827586207 0.03313350056451987
0.04310344827586207 0.02674650438824364
0.04310344827586207 0.027143254919623556
0.04310344827586207 0.030058599503034033
0.04310344827586207 0.031263796892328034
0.04310344827586207 0.03161553820187217
0.04310344827586207 0.02797076004892357
0.04310344827586207 0.024931727831418973
0.04310344827586207 0.025821187770117545
0.04310344827586207 0.026304463187018394
0.04310344827586207 0.027104882117306103
0.04310344827586207 0.028872154421711715
0.04310344827586207 0.03324608376000434
0.04310344827586207 0.03273694910997737
0.04310344827586207 0.03279495371445733
0.04310344827586207 0.032176881768976866
0.04310344827586207 0.029425052788907672
0.04310344827586207 0.033256640300150034
0.04310344827586207 0.032332303153883156
0.04310344827586207 0.031865436665173864
0.04310344827586207 0.0301007181652968
0.043859649122807015 0.03234013035889658
0.043859649122807015 0.02852911181557766
0.043859649122807015 0.029963910932144983
0.043859649122807015 0.027106472134531212
0.043859649122807015 0.030331763321296865
0.043859649122807015 0.030197141189522197
0.043859649122807015 0.029491442940826743
0.043859649122807015 0.02819706251240661
0.043859649122807015 0.029562096342662096
0.043859649122807015 0.03055363980905962
0.043859649122807015 0.028416684965183004
0.043859649122807015 0.02233073383811205
0.043859649122807015 0.022070160919982488
0.043859649122807015 0.02553661466258198
0.043859649122807015 0.02392714565403469
0.043859649122807015 0.02983815949712914
0.043859649122807015 0.035550605939896035
0.043859649122807015 0.033537209918334136
0.043859649122807015 0.031121345018208416
0.043859649122807015 0.03356064768788508
0.043859649122807015 0.031884411992110506
0.043859649122807015 0.033652838643959536
0.043859649122807015 0.03649613351044743
0.043859649122807015 0.03302228285782802
0.043859649122807015 0.03139005279253397
0.043859649122807015 0.03316546091309047
0.043859649122807015 0.029211268669777107
0.043859649122807015 0.028653928540854235
0.043859649122807015 0.02657551607808074
0.043859649122807015 0.02742477847025613
0.043859649122807015 0.03083998816941613
0.043859649122807015 0.03231092298941086
0.043859649122807015 0.031186264506564424
0.043859649122807015 0.027008114133428206
0.043859649122807015 0.02582801389496716
0.043859649122807015 0.02723763903631638
0.043859649122807015 0.030656057695966472
0.043859649122807015 0.03174075687162175
0.043859649122807015 0.029642410178331323
0.043859649122807015 0.026521393772719653
0.043859649122807015 0.02877134768571039
0.043859649122807015 0.03028903086981005
0.043859649122807015 0.032239527720486556
0.043859649122807015 0.034334148552694524
0.043859649122807015 0.033968665889753676
0.043859649122807015 0.037101438454320214
0.043859649122807015 0.03310627600892076
0.043859649122807015 0.033513551960728895
0.043859649122807015 0.030265247266751713
0.043859649122807015 0.03192248390295951
0.043859649122807015 0.03315470315408418
0.043859649122807015 0.02592277983214308
0.043859649122807015 0.029736390780690417
0.043859649122807015 0.030636143477412107
0.043859649122807015 0.032381001580196224
0.043859649122807015 0.027374504043539857
0.043859649122807015 0.03217880753980168
0.043859649122807015 0.030818521341215103
0.043859649122807015 0.028393309133468162
0.043859649122807015 0.03164573287379936
0.043859649122807015 0.03375417392877419
0.043859649122807015 0.03370886880827871
0.043859649122807015 0.03488694525740651
0.043859649122807015 0.03475001765525298
0.043859649122807015 0.030983937486287708
0.043859649122807015 0.0297025377148742
0.043859649122807015 0.03410354320832026
0.043859649122807015 0.034186998927713375
0.043859649122807015 0.03469359487159034
0.043859649122807015 0.036052863438101664
0.043859649122807015 0.03275589987745866
0.043859649122807015 0.03275594994922785
0.043859649122807015 0.03237392165278672
0.043859649122807015 0.02624941190260551
0.043859649122807015 0.026968354729036467
0.043859649122807015 0.028955632187643472
0.043859649122807015 0.03076640570089164
0.043859649122807015 0.031631848493593656
0.043859649122807015 0.02887176864745456
0.043859649122807015 0.029430514319182206
0.043859649122807015 0.028773579399013358
0.043859649122807015 0.028556009973139757
0.043859649122807015 0.033118500840281305
0.043859649122807015 0.03189156117187305
0.043859649122807015 0.030623402192626475
0.043859649122807015 0.02982632982812314
0.043859649122807015 0.03294126313338136
0.043859649122807015 0.03271300593383068
0.043859649122807015 0.02837328532643126
0.043859649122807015 0.028108219633366016
0.043859649122807015 0.03326739167242979
0.043859649122807015 0.034059704390288235
0.043859649122807015 0.03053939536125014
0.043859649122807015 0.03320883104262895
0.043859649122807015 0.03336276286449541
0.043859649122807015 0.03340988030565206
0.043859649122807015 0.03252128216572096
0.043859649122807015 0.029901228888845735
0.043859649122807015 0.027642693222630334
0.043859649122807015 0.027847988870528778
0.043859649122807015 0.030806027739683738
0.043859649122807015 0.029483141818506985
0.043859649122807015 0.03303774282138196
0.044642857142857144 0.030611584751179772
0.044642857142857144 0.032063765850150125
0.044642857142857144 0.0334008136020494
0.044642857142857144 0.031361165631394586
0.044642857142857144 0.03172266784462296
0.044642857142857144 0.03105798750382481
0.044642857142857144 0.03242955697825705
0.044642857142857144 0.027329201740727192
0.044642857142857144 0.029867596466196366
0.044642857142857144 0.03196492481817325
0.044642857142857144 0.03087726820847071
0.044642857142857144 0.03445729348586662
0.044642857142857144 0.03308953169009051
0.044642857142857144 0.03079302356378508
0.044642857142857144 0.032536722555363336
0.044642857142857144 0.0310238525226865
0.044642857142857144 0.028075941387865025
0.044642857142857144 0.03380862677806708
0.044642857142857144 0.03234631772857913
0.044642857142857144 0.03288373953704697
0.044642857142857144 0.02878805090625921
0.044642857142857144 0.02602930235017576
0.044642857142857144 0.028225651219959597
0.044642857142857144 0.03286908586294536
0.044642857142857144 0.03182558477992606
0.044642857142857144 0.03304661829624479
0.044642857142857144 0.02794448263062791
0.044642857142857144 0.029514073644119128
0.044642857142857144 0.03213957662093897
0.044642857142857144 0.035298149373259355
0.044642857142857144 0.03088738823050729
0.044642857142857144 0.03008132541754099
0.044642857142857144 0.029656256562655428
0.044642857142857144 0.03299378426839377
0.044642857142857144 0.03341511584704518
0.044642857142857144 0.029762370610737676
0.044642857142857144 0.030303118024010055
0.044642857142857144 0.030502582841876277
0.044642857142857144 0.02807806021815106
0.044642857142857144 0.03099210503989371
0.044642857142857144 0.03083854525163315
0.044642857142857144 0.029034681715534635
0.044642857142857144 0.029112153613466637
0.044642857142857144 0.02869538221157095
0.044642857142857144 0.029213447802385526
0.044642857142857144 0.0312997979953831
0.044642857142857144 0.03376160262150854
0.044642857142857144 0.03444880340161067
0.044642857142857144 0.03408849646180026
0.044642857142857144 0.0337963166184932
0.044642857142857144 0.035957389559835636
0.044642857142857144 0.03527265314130527
0.044642857142857144 0.030737049279584202
0.044642857142857144 0.032497329857781414
0.044642857142857144 0.033681369441550486
0.044642857142857144 0.035587614656719335
0.044642857142857144 0.03433101925920829
0.044642857142857144 0.034488425271101894
0.044642857142857144 0.03129865219322433
0.044642857142857144 0.037367550035005144
0.044642857142857144 0.034274356430337986
0.044642857142857144 0.03338610182576843
0.044642857142857144 0.033774012914856474
0.044642857142857144 0.03283667970950745
0.044642857142857144 0.03478331495507236
0.044642857142857144 0.0342317965761859
0.044642857142857144 0.03196476676367445
0.044642857142857144 0.03366224720398683
0.044642857142857144 0.03178231088763999
0.044642857142857144 0.0314829605876633
0.044642857142857144 0.029435199210141646
0.044642857142857144 0.025574212222159165
0.044642857142857144 0.02683031598762276
0.044642857142857144 0.030285341824936255
0.044642857142857144 0.031496862205585126
0.044642857142857144 0.030106425046942897
0.044642857142857144 0.02928310733182895
0.044642857142857144 0.03302607658391206
0.044642857142857144 0.033618352679547235
0.044642857142857144 0.03124596892002667
0.044642857142857144 0.03359038127017536
0.044642857142857144 0.036655070778872575
0.044642857142857144 0.03486011825429262
0.044642857142857144 0.036669289588653904
0.044642857142857144 0.03574022181749658
0.044642857142857144 0.03398663635423978
0.044642857142857144 0.034925696260222926
0.044642857142857144 0.0351501553476698
0.044642857142857144 0.03244727381665886
0.044642857142857144 0.0315152491079608
0.044642857142857144 0.029169811659237186
0.044642857142857144 0.02945476012221391
0.044642857142857144 0.0319779196270381
0.044642857142857144 0.03197985338582186
0.044642857142857144 0.027656324749471238
0.044642857142857144 0.025248900111441437
0.044642857142857144 0.025910368462584692
0.044642857142857144 0.030050855870007734
0.044642857142857144 0.028417677768501227
0.044642857142857144 0.027949240718598903
0.044642857142857144 0.03130452267454885
0.044642857142857144 0.032349315197287
0.044642857142857144 0.03416218247490073
0.044642857142857144 0.038118427786902526
0.044642857142857144 0.036603094889863665
0.044642857142857144 0.034187133882342464
0.044642857142857144 0.03490773407627321
0.044642857142857144 0.035010422440863095
0.044642857142857144 0.0364902215098081
0.044642857142857144 0.03545945402857758
0.044642857142857144 0.03159377670035626
0.044642857142857144 0.03227638854673351
0.044642857142857144 0.0290869249166869
0.044642857142857144 0.03189953049752694
0.044642857142857144 0.0312387181319667
0.044642857142857144 0.029207808331914654
0.044642857142857144 0.03014887625013304
0.044642857142857144 0.028636415267667074
0.044642857142857144 0.028917166371785034
0.044642857142857144 0.03202886803468574
0.044642857142857144 0.030077567704400333
0.044642857142857144 0.026971665659547478
0.044642857142857144 0.03382494866695349
0.044642857142857144 0.030976416569863437
0.044642857142857144 0.03487806619863899
0.044642857142857144 0.033742865666018994
0.044642857142857144 0.035010075610456534
0.044642857142857144 0.03317525267037938
0.044642857142857144 0.031177336191655265
0.045454545454545456 0.0342573535407962
0.045454545454545456 0.03361222213464411
0.045454545454545456 0.030472517848650783
0.045454545454545456 0.02857955875369345
0.045454545454545456 0.03574798484271318
0.045454545454545456 0.03182460939200966
0.045454545454545456 0.031899159649689514
0.045454545454545456 0.030993905521424444
0.045454545454545456 0.033038990553600905
0.045454545454545456 0.0250978423362922
0.045454545454545456 0.026230342648139577
0.045454545454545456 0.034058668117174166
0.045454545454545456 0.03547762278406082
0.045454545454545456 0.034738069946417406
0.045454545454545456 0.03908361693887876
0.045454545454545456 0.03560076970916827
0.045454545454545456 0.031050408264651636
0.045454545454545456 0.033417141585016095
0.045454545454545456 0.03169200871842591
0.045454545454545456 0.03453171828535782
0.045454545454545456 0.034986500018115735
0.045454545454545456 0.03920105191720285
0.045454545454545456 0.03609862432891484
0.045454545454545456 0.03236635261404721
0.045454545454545456 0.03303823377748276
0.045454545454545456 0.035912556146506555
0.045454545454545456 0.03649594134985825
0.045454545454545456 0.03533959111083394
0.045454545454545456 0.03219349693706428
0.045454545454545456 0.03076328037857078
0.045454545454545456 0.030688404706344985
0.045454545454545456 0.029068336345105174
0.045454545454545456 0.030840824072405633
0.045454545454545456 0.030645446673769255
0.045454545454545456 0.030483954465455432
0.045454545454545456 0.027878055640174277
0.045454545454545456 0.030986968191676845
0.045454545454545456 0.031196558085703575
0.045454545454545456 0.03118227780352011
0.045454545454545456 0.03366837918539364
0.045454545454545456 0.03317785489651663
0.045454545454545456 0.03279612169745114
0.045454545454545456 0.03318767840659824
0.045454545454545456 0.032341703647099894
0.045454545454545456 0.03136408894425315
0.045454545454545456 0.03170884045720125
0.045454545454545456 0.034741771999450936
0.045454545454545456 0.038066302512092344
0.045454545454545456 0.03374185209206561
0.045454545454545456 0.033690804929059265
0.045454545454545456 0.03297243662979513
0.045454545454545456 0.03479956524223909
0.045454545454545456 0.03654899453332316
0.045454545454545456 0.03615739800010224
0.045454545454545456 0.03632626383698255
0.045454545454545456 0.032842049317995545
0.045454545454545456 0.03504816307637876
0.045454545454545456 0.03412432648396775
0.045454545454545456 0.029555958794648528
0.045454545454545456 0.03159564253361164
0.045454545454545456 0.03296744793516439
0.045454545454545456 0.033758425121927275
0.045454545454545456 0.03403647324855926
0.045454545454545456 0.037444139956866046
0.045454545454545456 0.03278112232065009
0.045454545454545456 0.03361166781229036
0.045454545454545456 0.03360789792648117
0.045454545454545456 0.03278442350591426
0.045454545454545456 0.0320680677003015
0.045454545454545456 0.034122457162067785
0.046296296296296294 0.03347440646263119
0.046296296296296294 0.03408428610058585
0.046296296296296294 0.030522784115497855
0.046296296296296294 0.03087507317333532
0.046296296296296294 0.03054842215605936
0.046296296296296294 0.03372826014246662
0.046296296296296294 0.03203033407480978
0.046296296296296294 0.029963156207941346
0.046296296296296294 0.030352405396110647
0.046296296296296294 0.02819989138497654
0.046296296296296294 0.029456920108707377
0.046296296296296294 0.025534289294899416
0.046296296296296294 0.026870818442014714
0.046296296296296294 0.025928532194041624
0.046296296296296294 0.023455029805958878
0.046296296296296294 0.02446279600052626
0.046296296296296294 0.028473490888424453
0.046296296296296294 0.026673505239548936
0.046296296296296294 0.033658788932479915
0.046296296296296294 0.032449997504517054
0.046296296296296294 0.03372839958563036
0.046296296296296294 0.03409823706102294
0.046296296296296294 0.03346384496349925
0.04672897196261683 0.037992321767058905
