9132.0 11984.43661971831
4516.0 10331.445544554455
4516.0 9584.90099009901
5409.0 9009.49504950495
4707.0 8555.475247524753
3390.0 8183.653465346535
3390.0 7757.267326732674
3390.0 7340.287128712871
3979.0 7148.297029702971
3979.0 6645.534653465346
3237.0 5591.653465346535
3237.0 5122.039603960396
3220.0 4724.445544554455
3253.0 4287.415841584158
1915.0 3932.069306930693
1915.0 3739.871287128713
1915.0 3587.930693069307
1541.0 3725.5742574257424
1541.0 3667.128712871287
1541.0 3585.1782178217823
1541.0 3305.5841584158416
1470.0 3317.5841584158416
1470.0 2952.8514851485147
1470.0 2817.8811881188117
1234.0 2668.7128712871286
1037.0 2528.267326732673
1037.0 2371.039603960396
1037.0 2424.2871287128714
1037.0 2366.138613861386
1037.0 2221.90099009901
1126.0 2130.6930693069307
993.0 2245.8811881188117
993.0 2348.019801980198
993.0 2256.8514851485147
993.0 2203.732673267327
993.0 2189.6039603960394
993.0 2377.7524752475247
993.0 2188.891089108911
993.0 1899.0891089108911
993.0 1774.990099009901
993.0 1581.2277227722773
993.0 1819.3168316831684
993.0 1783.6831683168316
993.0 1734.7425742574258
993.0 1633.6633663366338
598.0 1839.7821782178219
598.0 1868.0891089108911
598.0 1649.3762376237623
598.0 1512.049504950495
598.0 1604.7920792079208
598.0 1362.5247524752476
598.0 1381.4851485148515
598.0 1393.7722772277227
598.0 1462.7227722772277
598.0 1550.3069306930693
598.0 1731.049504950495
598.0 1716.3465346534654
598.0 1784.4356435643565
598.0 1740.1980198019803
598.0 1597.6633663366338
598.0 1263.2079207920792
598.0 1157.4257425742574
598.0 1120.6039603960396
598.0 1232.6633663366338
598.0 1209.930693069307
598.0 1259.3069306930693
598.0 1245.2079207920792
415.0 1175.8910891089108
415.0 1250.2079207920792
415.0 1038.1287128712872
415.0 1110.2673267326732
415.0 1669.7128712871288
415.0 1440.7425742574258
415.0 1432.5841584158416
415.0 1464.0594059405942
415.0 1229.8118811881188
363.0 1529.5148514851485
363.0 1061.039603960396
363.0 1075.8019801980197
363.0 912.7920792079208
363.0 1127.1782178217823
363.0 1291.2178217821781
363.0 1192.3861386138615
363.0 1383.049504950495
363.0 1338.8910891089108
526.0 903.9108910891089
526.0 952.2772277227723
526.0 743.7425742574258
526.0 782.8019801980198
526.0 1020.3069306930693
526.0 1300.2277227722773
610.0 1261.2277227722773
610.0 1175.1386138613861
610.0 1280.6732673267327
610.0 1234.019801980198
610.0 1242.970297029703
610.0 1326.148514851485
610.0 1490.4158415841584
610.0 1418.029702970297
610.0 1531.2772277227723
610.0 1381.0891089108911
610.0 1498.8712871287128
610.0 1572.881188118812
610.0 1313.3762376237623
610.0 1336.7326732673268
610.0 1405.4455445544554
610.0 1209.079207920792
426.0 1160.4554455445545
426.0 1117.3168316831684
426.0 1081.8217821782177
425.0 1305.5148514851485
425.0 1317.4851485148515
425.0 1490.029702970297
339.0 1331.3663366336634
339.0 1378.8019801980197
339.0 1187.2871287128712
339.0 1428.1683168316831
339.0 1594.990099009901
339.0 1610.4752475247524
339.0 1622.4554455445545
339.0 1853.5841584158416
339.0 1446.1980198019803
339.0 1374.5346534653465
339.0 1298.8118811881188
339.0 1277.881188118812
339.0 1143.7425742574258
339.0 860.960396039604
339.0 1123.1287128712872
339.0 1168.2277227722773
339.0 1069.3069306930693
339.0 1086.9405940594058
339.0 1223.3267326732673
339.0 1270.5742574257426
339.0 1225.851485148515
338.0 1163.5346534653465
338.0 1083.4752475247524
338.0 1438.4554455445545
338.0 1257.5742574257426
338.0 1257.6039603960396
338.0 1245.2079207920792
338.0 1251.049504950495
338.0 1444.2079207920792
338.0 1643.2970297029703
338.0 1257.6930693069307
340.0 1284.039603960396
340.0 1080.5247524752476
340.0 1300.049504950495
340.0 1189.118811881188
340.0 798.9108910891089
340.0 1060.3861386138615
340.0 1255.970297029703
340.0 1111.2574257425742
340.0 1350.7524752475247
340.0 1488.8712871287128
340.0 1444.2079207920792
340.0 1314.5445544554455
340.0 1249.7623762376238
340.0 1156.5742574257426
340.0 1198.990099009901
340.0 1202.6237623762377
340.0 979.6633663366337
340.0 985.5445544554456
340.0 1016.8613861386139
340.0 1134.7821782178219
340.0 1027.5940594059407
340.0 1301.7524752475247
340.0 1553.920792079208
340.0 1232.7524752475247
340.0 1068.4653465346535
340.0 1011.8811881188119
340.0 821.950495049505
340.0 1006.940594059406
340.0 899.4653465346535
340.0 1020.3861386138614
340.0 1122.7623762376238
340.0 1132.3762376237623
340.0 980.0891089108911
340.0 1125.851485148515
340.0 977.8019801980198
340.0 1145.2376237623762
340.0 1193.029702970297
340.0 988.6237623762377
340.0 1070.4356435643565
340.0 1079.1683168316831
340.0 1026.2970297029703
340.0 683.2871287128713
340.0 977.7227722772277
340.0 1246.4059405940593
340.0 1441.3960396039604
340.0 1547.920792079208
340.0 1432.4554455445545
340.0 990.1683168316831
340.0 1057.2475247524753
340.0 1230.4554455445545
340.0 1082.7623762376238
340.0 1247.6237623762377
340.0 1045.1782178217823
216.0 980.5049504950495
216.0 925.039603960396
216.0 863.1584158415842
216.0 835.7920792079208
216.0 800.9108910891089
216.0 899.5148514851485
216.0 967.039603960396
216.0 876.2673267326733
216.0 1151.6732673267327
216.0 1130.950495049505
216.0 1142.7029702970297
216.0 1271.5346534653465
216.0 1014.009900990099
216.0 1098.3267326732673
216.0 1134.148514851485
216.0 815.940594059406
216.0 1162.3267326732673
216.0 1374.4851485148515
216.0 1614.7722772277227
216.0 1314.7029702970297
216.0 971.3168316831683
216.0 1254.3069306930693
216.0 1297.2277227722773
216.0 1070.1881188118812
216.0 1266.8415841584158
216.0 1160.009900990099
216.0 1036.1287128712872
216.0 896.7722772277227
216.0 997.6435643564356
216.0 487.8811881188119
216.0 934.009900990099
216.0 989.5544554455446
216.0 817.4059405940594
216.0 954.6732673267327
216.0 1070.1287128712872
216.0 1346.7128712871288
216.0 1025.7722772277227
216.0 763.8910891089109
216.0 1126.950495049505
216.0 1378.2277227722773
216.0 1563.3960396039604
216.0 838.4059405940594
216.0 1186.5544554455446
216.0 1163.2079207920792
216.0 895.1881188118812
216.0 637.3069306930693
216.0 673.990099009901
216.0 709.3762376237623
216.0 868.9009900990098
216.0 810.2277227722773
216.0 641.3762376237623
216.0 949.9306930693069
216.0 1029.8118811881188
216.0 1067.881188118812
216.0 674.0297029702971
216.0 605.8811881188119
216.0 1218.3663366336634
216.0 1265.3069306930693
216.0 890.7029702970297
216.0 934.1683168316831
216.0 1171.8118811881188
216.0 939.9207920792079
216.0 925.9009900990098
216.0 1238.5049504950496
216.0 1066.8118811881188
216.0 1110.5643564356435
216.0 773.4257425742575
216.0 1052.8415841584158
216.0 999.7821782178218
216.0 1118.90099009901
216.0 1112.0594059405942
216.0 1226.2079207920792
216.0 1134.039603960396
216.0 1074.3663366336634
216.0 1118.2772277227723
216.0 1079.7227722772277
216.0 1040.8910891089108
216.0 764.6039603960396
216.0 847.7326732673267
216.0 951.4455445544554
216.0 1348.8712871287128
216.0 1052.6633663366338
216.0 881.2772277227723
216.0 890.980198019802
216.0 898.8415841584158
216.0 788.7722772277227
216.0 972.5148514851485
216.0 1383.5940594059407
216.0 1150.4653465346535
216.0 1060.039603960396
216.0 936.5643564356436
216.0 915.4455445544554
216.0 926.6633663366337
216.0 949.1386138613861
216.0 863.3069306930693
216.0 846.8217821782179
216.0 766.009900990099
216.0 1295.990099009901
216.0 720.4554455445544
216.0 916.6336633663366
216.0 586.5544554455446
216.0 934.5643564356436
216.0 806.6534653465346
216.0 884.2277227722773
216.0 995.2673267326733
216.0 964.5247524752475
216.0 1078.3762376237623
216.0 1076.079207920792
216.0 1081.0
216.0 883.940594059406
216.0 1029.3069306930693
216.0 982.8217821782179
216.0 960.039603960396
216.0 927.4752475247525
216.0 1121.1386138613861
216.0 854.5049504950495
216.0 1067.4653465346535
216.0 1036.2574257425742
216.0 1146.4257425742574
216.0 1118.0594059405942
216.0 722.6831683168317
216.0 716.0297029702971
216.0 750.6930693069307
216.0 1030.3960396039604
216.0 961.3168316831683
216.0 1069.7425742574258
216.0 989.4257425742575
216.0 1007.6930693069307
216.0 997.6435643564356
216.0 1004.9207920792079
216.0 927.5742574257425
216.0 1248.2079207920792
216.0 1526.6930693069307
216.0 1067.4257425742574
216.0 1032.1584158415842
216.0 1140.6237623762377
216.0 966.8811881188119
216.0 837.990099009901
216.0 903.1089108910891
216.0 1009.4752475247525
216.0 1150.7623762376238
216.0 1202.6633663366338
216.0 1030.148514851485
216.0 1141.960396039604
216.0 1346.0891089108911
216.0 1177.7227722772277
216.0 753.1188118811881
216.0 929.1683168316831
216.0 743.0693069306931
216.0 799.059405940594
216.0 1107.1980198019803
216.0 1109.7920792079208
216.0 1172.950495049505
216.0 1260.2574257425742
216.0 1561.4059405940593
216.0 1296.3069306930693
216.0 990.6534653465346
216.0 1123.7128712871288
216.0 885.0297029702971
216.0 816.5742574257425
216.0 732.1386138613861
216.0 639.2178217821782
216.0 897.2871287128713
216.0 736.1782178217821
216.0 538.3267326732673
216.0 966.4455445544554
216.0 1241.9108910891089
216.0 1025.6138613861385
216.0 970.6237623762377
184.0 1130.5841584158416
184.0 1192.960396039604
184.0 909.1782178217821
184.0 989.3960396039604
184.0 976.7128712871287
184.0 1289.6633663366338
184.0 1397.5049504950496
184.0 1721.2970297029703
184.0 1307.6138613861385
184.0 1021.4851485148515
184.0 1108.7623762376238
184.0 896.3861386138614
184.0 829.990099009901
184.0 646.2277227722773
184.0 829.3168316831683
184.0 1035.1980198019803
184.0 1039.920792079208
184.0 1341.881188118812
184.0 807.3465346534654
184.0 891.980198019802
184.0 969.3861386138614
184.0 1329.09900990099
184.0 1201.9405940594058
184.0 1090.5940594059407
184.0 1191.9108910891089
184.0 990.4059405940594
184.0 1115.4653465346535
184.0 1142.990099009901
184.0 985.8910891089109
184.0 1074.5445544554455
184.0 1172.1683168316831
184.0 978.1485148514852
184.0 1175.6435643564357
184.0 963.7326732673267
184.0 1288.1089108910892
184.0 1104.8217821782177
184.0 880.0693069306931
184.0 1140.2079207920792
184.0 790.5742574257425
184.0 966.940594059406
182.0 867.4257425742575
182.0 1076.3267326732673
182.0 1249.1089108910892
182.0 958.940594059406
182.0 748.3960396039604
182.0 903.2475247524752
182.0 996.4455445544554
182.0 1129.90099009901
182.0 1289.920792079208
182.0 1015.3564356435644
182.0 1102.5643564356435
182.0 1016.6831683168317
182.0 1131.069306930693
182.0 1215.6831683168316
182.0 1078.0594059405942
182.0 1190.8712871287128
182.0 1283.3366336633662
182.0 1511.881188118812
182.0 1363.019801980198
182.0 1340.3168316831684
182.0 1294.980198019802
182.0 1253.8118811881188
182.0 1262.5247524752476
182.0 1349.1584158415842
182.0 1478.6534653465346
182.0 1515.2673267326732
182.0 1384.118811881188
182.0 1477.1089108910892
182.0 1889.2178217821781
182.0 1171.5346534653465
182.0 757.5544554455446
182.0 987.6435643564356
182.0 1045.5346534653465
182.0 1290.5940594059407
182.0 1443.6435643564357
182.0 1855.3564356435643
182.0 1494.069306930693
182.0 1270.3663366336634
182.0 972.3861386138614
182.0 1289.0594059405942
182.0 1167.3762376237623
182.0 1252.8118811881188
182.0 1514.8712871287128
182.0 1199.920792079208
182.0 1156.7029702970297
182.0 1105.8118811881188
182.0 1282.029702970297
182.0 784.3366336633663
182.0 972.1188118811881
182.0 971.059405940594
182.0 1035.0594059405942
182.0 992.6534653465346
182.0 1068.5049504950496
182.0 1129.6831683168316
182.0 1531.8415841584158
182.0 1352.7524752475247
182.0 1158.069306930693
182.0 1112.4356435643565
182.0 1187.4752475247524
182.0 1164.960396039604
182.0 1176.5742574257426
182.0 967.2178217821782
182.0 940.059405940594
182.0 1140.2673267326732
182.0 1372.2574257425742
183.0 1030.4455445544554
183.0 1161.019801980198
183.0 1466.4158415841584
183.0 1182.6435643564357
183.0 1198.3762376237623
183.0 1116.049504950495
183.0 1293.8118811881188
183.0 1067.3960396039604
183.0 829.2970297029703
183.0 796.950495049505
183.0 712.1188118811881
183.0 646.1782178217821
183.0 862.5445544554456
183.0 761.6732673267327
183.0 1087.8910891089108
183.0 959.4158415841584
183.0 998.9702970297029
183.0 1059.4950495049504
183.0 1223.4455445544554
183.0 1045.079207920792
183.0 838.9306930693069
183.0 794.7425742574258
183.0 1278.09900990099
183.0 931.1782178217821
183.0 892.990099009901
183.0 1126.5841584158416
183.0 839.1980198019802
183.0 1153.039603960396
183.0 1126.4554455445545
183.0 1143.990099009901
183.0 965.1386138613861
183.0 685.7524752475248
183.0 729.0990099009902
183.0 816.4158415841584
183.0 1074.881188118812
183.0 1011.7326732673267
183.0 1306.7821782178219
183.0 1166.1881188118812
183.0 1029.4653465346535
183.0 925.1188118811881
183.0 843.1485148514852
183.0 1314.980198019802
183.0 1059.5346534653465
183.0 965.6138613861386
183.0 1038.7227722772277
183.0 714.950495049505
183.0 740.5742574257425
183.0 798.6633663366337
183.0 817.4059405940594
183.0 967.3168316831683
183.0 562.2970297029703
183.0 896.3465346534654
183.0 686.8415841584158
183.0 787.3267326732673
183.0 803.2574257425742
183.0 901.2673267326733
183.0 731.3267326732673
183.0 966.7821782178218
183.0 935.7326732673267
183.0 1265.4752475247524
183.0 1069.0891089108911
183.0 1001.4059405940594
183.0 807.7920792079208
183.0 816.990099009901
183.0 822.6633663366337
183.0 1387.7326732673268
183.0 908.8316831683169
183.0 881.4851485148515
183.0 1002.8514851485148
183.0 1193.3267326732673
183.0 1297.2376237623762
183.0 892.019801980198
183.0 984.039603960396
183.0 1084.5445544554455
183.0 967.8514851485148
183.0 1110.029702970297
183.0 1063.8316831683169
183.0 873.4950495049505
183.0 866.6237623762377
183.0 494.970297029703
183.0 809.6633663366337
183.0 922.4257425742575
183.0 893.6039603960396
183.0 1080.4257425742574
183.0 994.8019801980198
183.0 853.8910891089109
183.0 953.2970297029703
183.0 1041.4356435643565
183.0 1004.5544554455446
183.0 853.4257425742575
183.0 677.5643564356436
183.0 792.1287128712871
183.0 973.2079207920792
183.0 925.4059405940594
183.0 951.0792079207921
183.0 901.3762376237623
183.0 581.1683168316831
183.0 1050.3267326732673
183.0 793.8613861386139
183.0 916.5940594059406
183.0 995.4455445544554
183.0 910.8613861386139
183.0 1010.940594059406
183.0 1166.3762376237623
183.0 952.4950495049505
183.0 730.8514851485148
183.0 916.3267326732673
183.0 884.3366336633663
183.0 661.7623762376238
183.0 837.2475247524752
183.0 1007.6237623762377
183.0 1008.8811881188119
183.0 970.8712871287129
183.0 1075.920792079208
183.0 887.1287128712871
183.0 873.4059405940594
183.0 935.9108910891089
183.0 785.6534653465346
183.0 1056.8316831683169
183.0 1109.3465346534654
183.0 1183.6534653465346
183.0 1071.960396039604
183.0 1158.2376237623762
183.0 1251.7029702970297
183.0 1488.0891089108911
183.0 1510.3168316831684
183.0 1159.4158415841584
183.0 1022.6732673267327
183.0 1428.4257425742574
183.0 1307.1980198019803
183.0 1253.09900990099
183.0 1183.4752475247524
183.0 1051.90099009901
183.0 1015.7524752475248
183.0 1189.049504950495
183.0 910.5544554455446
183.0 874.019801980198
183.0 967.2277227722773
183.0 1243.039603960396
183.0 1277.4851485148515
183.0 789.8316831683169
183.0 870.2178217821782
183.0 848.6336633663366
183.0 862.2673267326733
183.0 982.2178217821782
183.0 689.8613861386139
183.0 689.2079207920792
183.0 877.3960396039604
183.0 992.7623762376238
183.0 1164.8910891089108
183.0 774.4554455445544
183.0 820.2079207920792
183.0 1018.8019801980198
183.0 962.2376237623762
174.0 1196.118811881188
174.0 1154.990099009901
174.0 581.9009900990098
174.0 845.7821782178218
174.0 1279.118811881188
174.0 1517.4257425742574
174.0 1312.039603960396
174.0 981.7128712871287
174.0 858.7821782178218
174.0 1225.4851485148515
174.0 1333.6138613861385
174.0 1516.2970297029703
174.0 1320.1287128712872
174.0 1381.2772277227723
174.0 977.5148514851485
174.0 925.039603960396
174.0 954.2772277227723
174.0 1063.6534653465346
174.0 827.2574257425742
174.0 774.950495049505
174.0 720.6930693069307
174.0 746.9207920792079
174.0 985.7425742574258
174.0 723.4752475247525
174.0 742.5148514851485
174.0 1023.9702970297029
174.0 866.019801980198
174.0 899.5643564356436
174.0 771.3762376237623
174.0 738.2277227722773
174.0 1072.029702970297
174.0 765.6039603960396
174.0 1115.2475247524753
174.0 702.8019801980198
174.0 671.7326732673267
174.0 612.1683168316831
174.0 843.3564356435644
174.0 1028.6831683168316
174.0 957.3366336633663
174.0 874.1683168316831
174.0 776.5841584158416
174.0 657.8514851485148
174.0 861.6732673267327
174.0 1193.2079207920792
174.0 1340.3465346534654
174.0 1167.0891089108911
174.0 803.1782178217821
174.0 823.2376237623762
174.0 738.6633663366337
174.0 777.990099009901
174.0 1017.4356435643564
174.0 1155.960396039604
174.0 814.4356435643564
174.0 982.5049504950495
174.0 918.3861386138614
174.0 870.5445544554456
174.0 971.2178217821782
174.0 1306.039603960396
174.0 1440.9108910891089
174.0 963.7920792079208
174.0 940.8910891089109
174.0 619.1683168316831
174.0 643.2079207920792
174.0 674.4059405940594
174.0 672.0
174.0 707.3861386138614
174.0 706.1980198019802
174.0 1200.1386138613861
174.0 1211.1386138613861
174.0 903.3663366336634
174.0 830.3168316831683
174.0 913.2178217821782
174.0 1015.9207920792079
174.0 1131.7623762376238
174.0 828.2475247524752
174.0 774.8712871287129
174.0 1095.3069306930693
174.0 890.2277227722773
174.0 863.7326732673267
174.0 1146.990099009901
174.0 984.3465346534654
174.0 1133.8613861386139
174.0 901.8811881188119
174.0 786.3663366336634
174.0 923.960396039604
174.0 976.019801980198
174.0 907.7920792079208
174.0 923.6930693069307
174.0 910.7722772277227
174.0 1212.8712871287128
174.0 976.1584158415842
174.0 988.3168316831683
174.0 1007.3366336633663
174.0 940.3663366336634
174.0 1031.4752475247524
174.0 1238.6831683168316
174.0 946.9108910891089
174.0 708.7920792079208
174.0 798.2475247524752
174.0 884.5643564356436
174.0 685.8811881188119
174.0 800.039603960396
174.0 710.7722772277227
174.0 727.1287128712871
174.0 942.1584158415842
174.0 781.980198019802
174.0 1204.4950495049504
174.0 1009.1188118811881
174.0 960.7128712871287
174.0 1090.1584158415842
174.0 1225.039603960396
174.0 1265.148514851485
174.0 1037.5841584158416
174.0 1007.960396039604
174.0 941.3267326732673
174.0 975.3564356435644
174.0 806.3366336633663
174.0 936.4653465346535
174.0 787.4851485148515
174.0 965.049504950495
174.0 1012.3069306930693
174.0 926.8910891089109
174.0 821.0
174.0 858.7425742574258
174.0 888.2871287128713
174.0 1212.5544554455446
174.0 1224.7425742574258
174.0 871.8217821782179
174.0 1101.3564356435643
174.0 976.4653465346535
174.0 863.3762376237623
174.0 1075.118811881188
174.0 1081.2970297029703
174.0 745.1386138613861
174.0 885.3960396039604
174.0 798.019801980198
174.0 1037.049504950495
174.0 1065.920792079208
174.0 1402.5445544554455
174.0 1170.039603960396
174.0 838.7326732673267
174.0 919.039603960396
174.0 1125.5049504950496
174.0 1038.920792079208
174.0 1009.1584158415842
174.0 718.7623762376238
174.0 841.3069306930693
174.0 991.960396039604
174.0 1023.6435643564356
174.0 951.6138613861386
174.0 996.6336633663366
174.0 1044.4158415841584
174.0 1276.09900990099
174.0 1120.6435643564357
174.0 1416.3762376237623
174.0 1021.3861386138614
174.0 919.0792079207921
174.0 831.3069306930693
174.0 1185.6039603960396
174.0 1185.6633663366338
174.0 1013.1980198019802
174.0 850.2871287128713
174.0 1140.3465346534654
174.0 1028.4554455445545
174.0 772.039603960396
174.0 1095.5841584158416
174.0 988.4851485148515
174.0 927.4752475247525
174.0 1176.1980198019803
174.0 1300.6534653465346
174.0 962.8613861386139
174.0 872.6930693069307
174.0 818.1782178217821
174.0 983.0693069306931
174.0 733.6237623762377
174.0 965.6138613861386
174.0 902.3663366336634
174.0 1070.1980198019803
174.0 1157.3960396039604
174.0 1095.4554455445545
174.0 977.8019801980198
174.0 1052.2178217821781
174.0 1185.0891089108911
174.0 1189.6039603960396
174.0 1121.0891089108911
174.0 1113.3960396039604
174.0 975.1287128712871
174.0 1017.940594059406
174.0 942.5643564356436
174.0 971.2178217821782
174.0 881.039603960396
174.0 779.6831683168317
174.0 970.5247524752475
174.0 1102.90099009901
174.0 962.950495049505
174.0 1029.0
174.0 1062.7920792079208
174.0 920.4257425742575
174.0 931.9702970297029
174.0 937.8415841584158
174.0 793.2871287128713
174.0 731.7128712871287
174.0 742.6336633663366
174.0 840.7524752475248
174.0 692.8811881188119
174.0 441.6039603960396
174.0 613.7920792079208
174.0 801.6138613861386
174.0 1313.8910891089108
174.0 1389.6831683168316
174.0 1271.7128712871288
174.0 1048.7821782178219
174.0 957.7524752475248
174.0 811.6633663366337
174.0 697.5742574257425
174.0 750.2772277227723
174.0 627.4356435643564
174.0 1115.8217821782177
174.0 1098.3663366336634
174.0 1015.019801980198
174.0 1022.950495049505
174.0 1105.4257425742574
174.0 1076.9405940594058
174.0 1032.049504950495
174.0 869.4158415841584
174.0 1043.1089108910892
174.0 1173.6633663366338
174.0 829.4455445544554
174.0 1118.2871287128712
174.0 908.1881188118812
174.0 880.0
174.0 996.4653465346535
174.0 1176.1782178217823
174.0 1034.6831683168316
174.0 833.8811881188119
174.0 871.039603960396
174.0 772.6336633663366
174.0 1294.3465346534654
174.0 1356.6930693069307
174.0 1144.9108910891089
174.0 1080.4356435643565
174.0 1008.2376237623762
174.0 1026.1287128712872
174.0 1124.7029702970297
174.0 918.5445544554456
174.0 995.6435643564356
174.0 876.6633663366337
174.0 1050.5247524752476
174.0 1148.3069306930693
174.0 976.5643564356436
174.0 967.2574257425742
174.0 805.4257425742575
174.0 1131.6831683168316
174.0 1049.6336633663366
174.0 873.980198019802
174.0 856.3564356435644
174.0 855.3663366336634
174.0 1131.0891089108911
174.0 1192.2475247524753
174.0 1072.3069306930693
174.0 699.1980198019802
174.0 835.9207920792079
174.0 578.8910891089109
174.0 573.3168316831683
174.0 891.7821782178218
174.0 970.7821782178218
174.0 1056.4455445544554
174.0 724.8712871287129
174.0 929.7524752475248
174.0 1045.049504950495
174.0 857.0792079207921
174.0 942.5643564356436
174.0 923.2376237623762
174.0 1236.4950495049504
164.0 1195.0
164.0 1332.1683168316831
164.0 1131.960396039604
164.0 1070.5643564356435
164.0 955.5643564356436
164.0 773.6336633663366
164.0 957.019801980198
164.0 836.3762376237623
164.0 958.039603960396
164.0 796.2178217821782
164.0 949.9702970297029
164.0 1278.3267326732673
164.0 1155.5445544554455
164.0 831.5247524752475
164.0 1066.079207920792
164.0 1125.5445544554455
164.0 1337.148514851485
164.0 1079.7821782178219
164.0 996.1188118811881
164.0 915.2970297029703
164.0 816.940594059406
164.0 923.009900990099
164.0 577.4356435643564
164.0 711.8910891089109
164.0 1215.3663366336634
164.0 826.7029702970297
164.0 689.4158415841584
164.0 759.990099009901
164.0 916.7029702970297
164.0 1050.7821782178219
164.0 779.5247524752475
164.0 531.3762376237623
164.0 740.3861386138614
164.0 1079.7326732673268
164.0 1319.4752475247524
164.0 986.2673267326733
164.0 921.8217821782179
164.0 935.0792079207921
164.0 812.9207920792079
164.0 981.9306930693069
164.0 1003.1287128712871
164.0 1181.6336633663366
164.0 1050.5148514851485
164.0 778.4059405940594
164.0 1031.8613861386139
164.0 782.3267326732673
164.0 896.8415841584158
164.0 972.3663366336634
164.0 888.4653465346535
164.0 1237.6336633663366
164.0 1266.7722772277227
164.0 1021.9306930693069
164.0 937.0
164.0 999.2871287128713
164.0 1040.7128712871288
164.0 1002.4455445544554
164.0 953.3366336633663
164.0 1224.5049504950496
164.0 1083.0891089108911
164.0 1066.7029702970297
164.0 794.6138613861386
164.0 695.7425742574258
164.0 765.8910891089109
164.0 713.1683168316831
164.0 873.1782178217821
164.0 765.5445544554456
164.0 762.5247524752475
164.0 1119.5148514851485
164.0 735.3762376237623
164.0 1195.6237623762377
164.0 1064.990099009901
164.0 741.0891089108911
164.0 1108.4059405940593
164.0 1156.6732673267327
164.0 931.8613861386139
164.0 860.6732673267327
164.0 1063.069306930693
164.0 881.2277227722773
164.0 856.6039603960396
164.0 960.4950495049505
164.0 756.3861386138614
164.0 856.4059405940594
164.0 1058.2277227722773
164.0 791.5841584158416
164.0 961.3564356435644
164.0 886.0990099009902
164.0 1001.5544554455446
164.0 774.9009900990098
164.0 713.0891089108911
164.0 956.5346534653465
164.0 921.3861386138614
164.0 920.9108910891089
164.0 1091.4851485148515
164.0 1442.881188118812
164.0 897.0792079207921
164.0 850.990099009901
164.0 604.039603960396
164.0 994.2574257425742
164.0 877.0
164.0 1064.7722772277227
164.0 1035.2277227722773
