0.001072731173567904 4.286134993607597E-4
0.001072731173567904 4.807949713059052E-4
0.001072731173567904 5.117162635421975E-4
0.001072731173567904 5.605763312134585E-4
0.0011084016847705607 6.439336073620492E-4
0.001372495196266813 6.725729588522824E-4
0.0014108352144469526 6.998137573754085E-4
0.0014108352144469526 8.013195918341562E-4
0.0014108352144469526 7.950308069782172E-4
0.0014108352144469526 8.30657646204833E-4
0.0016638935108153079 9.147271858170103E-4
0.0017724211272598367 0.001015152559432493
0.0018389113644722325 0.0011410492758171208
0.001851851851851852 0.001198125094396096
0.0022644927536231885 0.001295123335880409
0.0022644927536231885 0.0013264526790247825
0.002794857462269424 0.0013530896386083312
0.002794857462269424 0.001438340530445062
0.002898550724637681 0.0014700344721919837
0.002898550724637681 0.001578695847064237
0.002898550724637681 0.0016763755545029597
0.002898550724637681 0.0018303227327966366
0.002898550724637681 0.0019089255679830418
0.0029394473838918285 0.0020979165627477785
0.0036153289949385392 0.002226006698139946
0.0036153289949385392 0.002235749359351507
0.00400962309542903 0.0021483926932340603
0.004156275976724855 0.0024641291000824807
0.004156275976724855 0.002440458498612126
0.004288164665523156 0.002563147416662549
0.004288164665523156 0.002554991722763786
0.005512679162072767 0.002589127445864846
0.005512679162072767 0.002689132575323952
0.005512679162072767 0.0028881574711675764
0.005512679162072767 0.0030242003154644674
0.005512679162072767 0.0032872554437877195
0.006305170239596469 0.0032659991346133807
0.006305170239596469 0.003857942539875738
0.006305170239596469 0.003947844261090622
0.006305170239596469 0.004009827240373066
0.007385524372230428 0.004238295027967205
0.008319467554076539 0.004400847704111376
0.008319467554076539 0.004155963847664337
0.008319467554076539 0.0040134397874119565
0.008319467554076539 0.004319563505347043
0.008319467554076539 0.00480009207535903
0.008319467554076539 0.004933148120092528
0.008319467554076539 0.005001837012445298
0.009074410163339383 0.005453597240798133
0.009074410163339383 0.005639857888867367
0.009746588693957116 0.005298190326187358
0.009746588693957116 0.004697033676114179
0.009746588693957116 0.005211988866423201
0.009746588693957116 0.004987351572846109
0.009746588693957116 0.005304601812371152
0.009746588693957116 0.005223915465577968
0.009746588693957116 0.00577190328159768
0.015015015015015017 0.005945340365068646
0.015015015015015017 0.0058548680960956575
0.015015015015015017 0.005619636789489545
0.015015015015015017 0.005498998842987724
0.015015015015015017 0.005785299231490906
0.015015015015015017 0.006736806310556597
0.015015015015015017 0.006842604566651776
0.015015015015015017 0.007380020428685689
0.015015015015015017 0.007203628178815594
0.015015015015015017 0.008077550681746471
0.015015015015015017 0.008362719117644546
0.015015015015015017 0.00884872229117359
0.015015015015015017 0.010617067569379267
0.015015015015015017 0.010604744662925691
0.015015015015015017 0.010833815991466161
0.015015015015015017 0.01009417372705233
0.015015015015015017 0.010566499111430152
0.015015015015015017 0.011044594180197575
0.015015015015015017 0.011444497938936659
0.015384615384615385 0.011886542850475185
0.015384615384615385 0.011295867744849497
0.015384615384615385 0.011502399068341041
0.015384615384615385 0.009875756843014692
0.015384615384615385 0.010257505628780491
0.015384615384615385 0.010271442822050355
0.015384615384615385 0.008701520667288704
0.015384615384615385 0.008908832225684124
0.015384615384615385 0.008820380068858434
0.015384615384615385 0.00953877744265169
0.015384615384615385 0.008409182960807194
0.015384615384615385 0.009121829606847166
0.015384615384615385 0.009954322234012556
0.015384615384615385 0.01126660893712377
0.015384615384615385 0.010082282408021328
0.015384615384615385 0.009048821479619317
0.015384615384615385 0.00999489183857829
0.015384615384615385 0.011052724459209143
0.015384615384615385 0.012827747608955536
0.015384615384615385 0.01173643325704899
0.015384615384615385 0.011257099716302966
0.0154320987654321 0.010928464580960901
0.0154320987654321 0.01091883113340265
0.0154320987654321 0.010522148832194916
0.0154320987654321 0.010042531831546868
0.015723270440251572 0.01102300715326803
0.015723270440251572 0.011704296753891534
0.015723270440251572 0.011047239324037927
0.015723270440251572 0.010898469429942978
0.015723270440251572 0.009940576463636485
0.015723270440251572 0.00977736776074818
0.015723270440251572 0.010752713501720667
0.015723270440251572 0.010125650093946302
0.015723270440251572 0.010774829560333992
0.015723270440251572 0.011960108194622362
0.015723270440251572 0.01215658733291571
0.015723270440251572 0.011391997386284214
0.015723270440251572 0.011144706231295626
0.015723270440251572 0.010583257970927315
0.015723270440251572 0.012418977242107792
0.015723270440251572 0.012428959581048263
0.015723270440251572 0.011165748705232032
0.015723270440251572 0.0117165820938829
0.015723270440251572 0.01220990397873254
0.015723270440251572 0.01284519447306275
0.015723270440251572 0.012191767810079326
0.016722408026755852 0.010909261785644468
0.016722408026755852 0.011881275413003729
0.016722408026755852 0.012644415137283753
0.016722408026755852 0.012711246442247543
0.016722408026755852 0.012642311262517258
0.02040816326530612 0.01204440800114974
0.02040816326530612 0.012108072514249044
0.02040816326530612 0.011965761256627542
0.02040816326530612 0.01104703579377264
0.02040816326530612 0.01120890595916674
0.02040816326530612 0.011863051222471365
0.02564102564102564 0.012664248202973806
0.02564102564102564 0.009961251366685395
0.02564102564102564 0.009571442361514809
0.02564102564102564 0.010779333474718393
0.02564102564102564 0.012681662972106338
0.02564102564102564 0.014135580215389817
0.02564102564102564 0.014399028329151676
0.02564102564102564 0.0156236231924154
0.03289473684210526 0.016377182147844217
0.03289473684210526 0.01751968162354814
0.03289473684210526 0.016028516972145416
0.03289473684210526 0.016133598276886107
0.03289473684210526 0.017955361130274017
0.03289473684210526 0.019333102234997453
0.03289473684210526 0.01849928146940929
0.03289473684210526 0.02121949119555129
0.03289473684210526 0.023391361724968928
0.03289473684210526 0.02233001712193159
0.03289473684210526 0.024326473903472545
0.03289473684210526 0.026565519479611846
0.03289473684210526 0.023518050568725673
0.03289473684210526 0.023972053763743156
0.03289473684210526 0.024727602771990015
0.03289473684210526 0.024869820569708274
0.03289473684210526 0.025242741271164153
0.03289473684210526 0.026463924837408677
0.03289473684210526 0.02552513386559047
0.03289473684210526 0.026195404103078527
0.03289473684210526 0.025464112042821323
0.03289473684210526 0.025063957912251935
0.03289473684210526 0.02399840057368354
0.03289473684210526 0.026135201345129346
0.03289473684210526 0.02335696778816741
0.03289473684210526 0.023568927401206342
0.03289473684210526 0.024976525785791605
0.03289473684210526 0.021823410425011108
0.03289473684210526 0.023973504416314833
0.03289473684210526 0.02115464463645464
0.03289473684210526 0.018963544855451396
0.03289473684210526 0.01692938564548471
0.03289473684210526 0.020281047000191166
0.03289473684210526 0.022161061445326848
0.03289473684210526 0.024240775536375873
0.03289473684210526 0.026474708710799245
0.03289473684210526 0.024992194053778533
0.03289473684210526 0.02694850108240065
0.03289473684210526 0.02427952848477296
0.03289473684210526 0.024860846515759316
0.03289473684210526 0.022013195339154204
0.03289473684210526 0.02484644350267828
0.03289473684210526 0.02589246039842263
0.03289473684210526 0.023919446858973133
0.03289473684210526 0.02633409397624031
0.03289473684210526 0.02650425251485105
0.03289473684210526 0.02490775444872006
0.03289473684210526 0.02535792922775625
0.03289473684210526 0.023410529109727216
0.03289473684210526 0.026252308210513855
0.03289473684210526 0.023936374150849885
0.03289473684210526 0.023819814072112564
0.03289473684210526 0.024448637471336878
0.03289473684210526 0.020108441940245646
0.03289473684210526 0.021964399437301465
0.03289473684210526 0.022683550630893213
0.03289473684210526 0.024337877642039575
0.03289473684210526 0.02498448072714063
0.03289473684210526 0.0201285811443655
0.03289473684210526 0.023733316634672423
0.03289473684210526 0.026179647222625616
0.03289473684210526 0.024469516499270493
0.03289473684210526 0.02279036832478858
0.03289473684210526 0.022209798128386787
0.03289473684210526 0.020608084025948697
0.03289473684210526 0.02524497336886984
0.03289473684210526 0.02568857082522203
0.03289473684210526 0.02397595324168049
0.03289473684210526 0.0226519206336296
0.03289473684210526 0.022820555096621394
0.03289473684210526 0.021854991498514897
0.03289473684210526 0.023521476241298047
0.03289473684210526 0.0234606979069601
0.03289473684210526 0.023025088519663645
0.03289473684210526 0.025312849932998597
0.03289473684210526 0.025278971465906817
0.03289473684210526 0.025764363166188818
0.03289473684210526 0.025082277673328723
0.03289473684210526 0.024281954137039857
0.03289473684210526 0.021620840707964318
0.033112582781456956 0.020481706033732238
0.033112582781456956 0.024328403215828163
0.033112582781456956 0.025737884665645788
0.033112582781456956 0.02506608574979365
0.033112582781456956 0.023709361841281907
0.033112582781456956 0.02161116898376767
0.033112582781456956 0.020283201315251406
0.033112582781456956 0.02030719649636287
0.033112582781456956 0.021117428825238815
0.033112582781456956 0.02298118758627767
0.033112582781456956 0.02182137297813365
0.033112582781456956 0.02129942138736468
0.033112582781456956 0.02368940867997543
0.033112582781456956 0.02513812482719506
0.033112582781456956 0.02487307197473868
0.033112582781456956 0.02492362624538448
0.033112582781456956 0.023856821315301452
0.033112582781456956 0.025881427162187363
0.033112582781456956 0.024562526787757305
0.033112582781456956 0.028251301048937968
0.033112582781456956 0.02567219447045756
0.033112582781456956 0.02225194452248204
0.033112582781456956 0.021871290620594258
0.033112582781456956 0.023833845676774355
0.033112582781456956 0.025007512285903786
0.033112582781456956 0.025895975329531522
0.033112582781456956 0.02312027149548568
0.033112582781456956 0.023696626361082225
0.033112582781456956 0.022824999794385827
0.033112582781456956 0.022885821617515536
0.033112582781456956 0.021610631901785
0.033112582781456956 0.025137332760331185
0.033112582781456956 0.025408303306316524
0.033112582781456956 0.02364666992831218
0.033112582781456956 0.026195073020451647
0.033112582781456956 0.023668906620589777
0.033112582781456956 0.019525759752030646
0.033112582781456956 0.022917412653270144
0.033112582781456956 0.024268639029374615
0.033112582781456956 0.026829063089089653
0.033112582781456956 0.023665917960639767
0.033112582781456956 0.024432635136621604
0.033112582781456956 0.024238392491784784
0.033112582781456956 0.022265052266617825
0.033112582781456956 0.023943058993739195
0.033112582781456956 0.023888544409663676
0.033112582781456956 0.019612619341272605
0.033112582781456956 0.021766862895590676
0.035211267605633804 0.024315608243462527
0.035211267605633804 0.02546677145329454
0.035211267605633804 0.021695866144828664
0.035211267605633804 0.01880564645136905
0.035211267605633804 0.020618656926197017
0.035211267605633804 0.020470944201122793
0.035211267605633804 0.022582260850979297
0.035211267605633804 0.019051999008963583
0.035211267605633804 0.020272003791057935
0.035211267605633804 0.02253823883291195
0.035211267605633804 0.024361544516522508
0.035211267605633804 0.024975965690207477
0.035211267605633804 0.028553915031754168
0.035211267605633804 0.02576986859996597
0.035211267605633804 0.024934150115164692
0.035211267605633804 0.025420192482574783
0.035211267605633804 0.025246281717856218
0.035211267605633804 0.02643086939722316
0.035211267605633804 0.026438028125078058
0.035211267605633804 0.028464196819288346
0.035211267605633804 0.027101964467293377
0.035211267605633804 0.029009751767779635
0.035211267605633804 0.024003810863531573
0.035211267605633804 0.027032713912831203
0.035211267605633804 0.029616263069824848
0.035211267605633804 0.026272473059641956
0.035211267605633804 0.027213296863930102
0.035211267605633804 0.023239735153534495
0.035211267605633804 0.02310619161705078
0.035211267605633804 0.02171501661889743
0.035211267605633804 0.02014478314712891
0.035211267605633804 0.02063902818617845
0.035211267605633804 0.021871953927161982
0.03546099290780142 0.0240290277386294
0.03546099290780142 0.02323314941782471
0.03546099290780142 0.023730326942126012
0.03546099290780142 0.02383949131111741
0.03546099290780142 0.026639352533818918
0.03546099290780142 0.026099208967751385
0.03546099290780142 0.024642729334269413
0.03546099290780142 0.023760728156734787
0.03546099290780142 0.02389379112687029
0.03546099290780142 0.02474423529370769
0.03546099290780142 0.02616348087860274
0.03546099290780142 0.025114333203202863
0.03546099290780142 0.019924766157379047
0.03546099290780142 0.018134393543975395
0.03546099290780142 0.021715122129523392
0.03546099290780142 0.02016540959710752
0.03546099290780142 0.022085249463179607
0.03546099290780142 0.019681039179052937
0.03546099290780142 0.021784743277677255
0.03546099290780142 0.021527143348597472
0.03546099290780142 0.02616730287126358
0.03546099290780142 0.026519407977223585
0.03546099290780142 0.027417920251447753
0.03546099290780142 0.03052987346086894
0.03546099290780142 0.02879583656372804
0.03546099290780142 0.0275107266823779
0.03546099290780142 0.02474260021066501
0.03546099290780142 0.02478034067757864
0.03546099290780142 0.02676299360634509
0.03571428571428571 0.02755401284133407
0.03571428571428571 0.028155842447238816
0.03571428571428571 0.02657516736358442
0.03571428571428571 0.023764677946788132
0.03597122302158273 0.022557374220626817
0.03597122302158273 0.01856242565322486
0.03597122302158273 0.020966030704694306
0.03597122302158273 0.022880588232388744
0.03597122302158273 0.023333612274548624
0.03597122302158273 0.02155417334150437
0.03597122302158273 0.02285624707719165
0.03597122302158273 0.023925086495197055
0.03597122302158273 0.023274027457543867
0.03597122302158273 0.021378250830371856
0.03597122302158273 0.02303586557118541
0.03597122302158273 0.02438838431722324
0.03597122302158273 0.023083635612802748
0.03597122302158273 0.023203947291930607
0.03597122302158273 0.02500780392947001
0.03597122302158273 0.02827134622234983
0.03597122302158273 0.027005698580664022
0.03597122302158273 0.026106387877603235
0.03597122302158273 0.024859962300127804
0.03597122302158273 0.026071161860254044
0.03597122302158273 0.026421163856829986
0.03597122302158273 0.022269107609480598
0.03597122302158273 0.02077574443189867
0.03597122302158273 0.025382905424833402
0.03597122302158273 0.024842176205040423
0.03597122302158273 0.024315024659991157
0.03597122302158273 0.026904970042897717
0.03597122302158273 0.02776654385442001
0.03597122302158273 0.02910146884125984
0.03597122302158273 0.028388407502496302
0.03597122302158273 0.02607823335477603
0.03597122302158273 0.021104781690087126
0.03597122302158273 0.02487475538823466
0.03597122302158273 0.024603052247744978
0.03597122302158273 0.02217994230167466
0.03597122302158273 0.024463131142476724
0.03597122302158273 0.026510134957273543
0.03597122302158273 0.028750088670664163
0.03597122302158273 0.02485735960790645
0.03597122302158273 0.025096287457393087
0.03597122302158273 0.028814359863704668
0.03597122302158273 0.02850284850931026
0.03597122302158273 0.026491877378116955
0.03597122302158273 0.02970983859012725
0.03597122302158273 0.03134549171850372
0.03597122302158273 0.028584861618226307
0.03597122302158273 0.02539435566045006
0.03597122302158273 0.023088404359790458
0.03597122302158273 0.025221815332435817
0.03597122302158273 0.025423065452888048
0.03597122302158273 0.02435453288034995
0.03597122302158273 0.02559195985626827
0.03597122302158273 0.025548477811138077
0.03597122302158273 0.026530374706355855
0.03597122302158273 0.02660207756090712
0.03597122302158273 0.02660038538364772
0.03597122302158273 0.026087480070616814
0.03597122302158273 0.02594654126051866
0.03597122302158273 0.026566403208742557
0.03597122302158273 0.027057334505250632
0.03597122302158273 0.026065156474651182
0.03597122302158273 0.025694371459228028
0.03597122302158273 0.025333582084033735
0.03597122302158273 0.026003857564349787
0.03597122302158273 0.02466966260286486
0.03597122302158273 0.023762126140960564
0.03597122302158273 0.020590821578976615
0.03597122302158273 0.02509641764831538
0.03597122302158273 0.02753563309243806
0.03597122302158273 0.026737980387690444
0.03597122302158273 0.024945216051343186
0.03597122302158273 0.02670834511607897
0.03597122302158273 0.025519808644927207
0.03597122302158273 0.02528608405062743
0.03597122302158273 0.023343387626010233
0.03597122302158273 0.027208821439553253
0.03597122302158273 0.024342184106141654
0.03597122302158273 0.02469875957177662
0.03597122302158273 0.025781764970413134
0.03597122302158273 0.025344848900846328
0.03597122302158273 0.02882720541349398
0.03597122302158273 0.02492292078666564
0.03597122302158273 0.02534702856120348
0.037037037037037035 0.025367825336353726
0.037037037037037035 0.02657007067753503
0.037037037037037035 0.023104929580233465
0.037037037037037035 0.023883608177956577
0.037037037037037035 0.024067476280968367
0.037037037037037035 0.025643677102064357
0.037037037037037035 0.023840461581381207
0.037037037037037035 0.021218516812089156
0.037037037037037035 0.01875613027521167
0.037037037037037035 0.019628438917330942
0.037037037037037035 0.01826803616026791
0.037037037037037035 0.018486980792737195
0.037037037037037035 0.019554263424660545
0.037037037037037035 0.02046010384660779
0.037037037037037035 0.022969177552543157
0.037037037037037035 0.01976867216714526
0.037037037037037035 0.023140251759083103
0.037037037037037035 0.020371799576730867
0.037037037037037035 0.022865806648667726
0.037037037037037035 0.02718167156967516
0.037037037037037035 0.028375910767160343
0.037037037037037035 0.02670456108080983
0.037037037037037035 0.026145263199334526
0.037037037037037035 0.02393627218077027
0.037037037037037035 0.022268848405707944
0.037037037037037035 0.02395677209509105
0.037037037037037035 0.024614605646600642
0.037037037037037035 0.02622944720022334
0.037037037037037035 0.02294040025833484
0.037037037037037035 0.025611941798104308
0.037037037037037035 0.028460743953887528
0.037037037037037035 0.029548454706155195
0.037037037037037035 0.026817503481276837
0.037037037037037035 0.025971623563455868
0.037037037037037035 0.024655399512926272
0.037037037037037035 0.028851980590222127
0.037037037037037035 0.027923707559989578
0.037037037037037035 0.026351581201070794
0.037037037037037035 0.026026740128511562
0.037037037037037035 0.024025013369328732
0.037037037037037035 0.023234461817752343
0.037037037037037035 0.02490438958239209
0.037037037037037035 0.024010139357704158
0.037037037037037035 0.025565308623151744
0.037037037037037035 0.022676975472393224
0.03759398496240601 0.026389311762422655
0.03759398496240601 0.02459448625173276
0.03759398496240601 0.023896256581695318
0.03759398496240601 0.025622526485065047
0.03759398496240601 0.022976239902590383
0.03759398496240601 0.02221979055566572
0.03759398496240601 0.01676892302659271
0.03759398496240601 0.018295985208970852
0.03759398496240601 0.01842143615218941
0.03759398496240601 0.020255626150237904
0.03759398496240601 0.026555596586695655
0.03816793893129771 0.027219490255398073
0.03816793893129771 0.031685450232445664
0.03816793893129771 0.029073918087626667
0.03816793893129771 0.03123205741749178
0.03816793893129771 0.027800612125132206
0.03816793893129771 0.026859440582656678
0.03816793893129771 0.027545840382389677
0.03816793893129771 0.02419156819170721
0.03816793893129771 0.02373182895756038
0.03816793893129771 0.025762451932454508
0.03816793893129771 0.027006812568004624
0.03816793893129771 0.028465222406195468
0.03816793893129771 0.02969389045394671
0.03816793893129771 0.02979147983038767
0.03816793893129771 0.029187169622538176
0.03816793893129771 0.02687055393747108
0.03816793893129771 0.025702579809558743
0.03816793893129771 0.025143253620244884
0.03816793893129771 0.027852867595584262
0.03816793893129771 0.028109542151006296
0.03816793893129771 0.028588760160696395
0.03816793893129771 0.0283376780825426
0.03816793893129771 0.0273165874588391
0.03816793893129771 0.02923239315055491
0.03816793893129771 0.025791418885575748
0.03816793893129771 0.025333098876799964
0.03816793893129771 0.0288761869986075
0.03816793893129771 0.029471784842897183
0.03816793893129771 0.03259556877065993
0.03816793893129771 0.03129070570878335
0.03816793893129771 0.02647626196270607
0.03816793893129771 0.026448963124136003
0.03816793893129771 0.02650127045987324
0.03816793893129771 0.02793622660486149
0.03816793893129771 0.02548458985581834
0.03816793893129771 0.02743927700642998
0.03816793893129771 0.032257233800536814
0.03816793893129771 0.031895344141113495
0.03816793893129771 0.030773552897570847
0.03816793893129771 0.02811693300773218
0.03816793893129771 0.030779017365180145
0.03816793893129771 0.029708898125594727
0.03816793893129771 0.03117354062752597
0.03816793893129771 0.02863792362879007
0.03816793893129771 0.02590505984883892
0.03816793893129771 0.02397834909164508
0.03816793893129771 0.023301053337788955
0.03816793893129771 0.024989085242677393
0.03816793893129771 0.027386053429928947
0.03816793893129771 0.02743407595225559
0.03816793893129771 0.029187775857205406
0.03816793893129771 0.024678644985475676
0.03816793893129771 0.027093995228790274
0.03816793893129771 0.027168049757122975
0.03816793893129771 0.025628168938896627
0.03816793893129771 0.026765519806511765
0.03816793893129771 0.028699059382669083
0.03816793893129771 0.0268842560219552
0.03816793893129771 0.02658018714604662
0.03816793893129771 0.02759037092572117
0.03816793893129771 0.026793702267097725
0.03816793893129771 0.03185137342463115
0.03875968992248062 0.031040290718367954
0.03875968992248062 0.026068517949925322
0.03875968992248062 0.0260501219117127
0.03875968992248062 0.025451378367986856
0.03875968992248062 0.02916293843403024
0.03875968992248062 0.02827762213863989
0.03875968992248062 0.031954767195513656
0.03875968992248062 0.030060773949436178
0.03875968992248062 0.029828089348790568
0.03875968992248062 0.028150930707603418
0.03875968992248062 0.027725645027443215
0.03875968992248062 0.02830764894385873
0.03875968992248062 0.02908901110611654
0.03875968992248062 0.029407760885436802
0.03875968992248062 0.030259420623812296
0.03875968992248062 0.030277510948796132
0.03875968992248062 0.02903098037162891
0.03875968992248062 0.030183040225449365
0.03875968992248062 0.03098529264061144
0.03875968992248062 0.029459181079478973
0.03875968992248062 0.03173289385476352
0.03875968992248062 0.027958592065714584
0.03875968992248062 0.03091732561634763
0.03875968992248062 0.02719746151652489
0.03875968992248062 0.027281745665025895
0.0390625 0.031003497514869256
0.0390625 0.028739119787935537
0.0390625 0.02608322637766156
0.0390625 0.024170987303453725
0.0390625 0.024477153100320153
0.0390625 0.022941272397359026
0.03937007874015748 0.025388682818680283
0.03937007874015748 0.02581761106765404
0.03937007874015748 0.02475201409306905
0.03937007874015748 0.027754419950872085
0.03937007874015748 0.0283495088931802
0.03937007874015748 0.027065962187990827
0.03937007874015748 0.027492960685145448
0.03937007874015748 0.02824143727189672
0.03937007874015748 0.025469356027388642
0.03937007874015748 0.025423606181457146
0.03937007874015748 0.02709069182567677
0.03937007874015748 0.0253582117433446
0.03937007874015748 0.02503561129078638
0.03937007874015748 0.026661235593231674
0.03937007874015748 0.028516550801808982
0.03937007874015748 0.02744002842571863
0.03937007874015748 0.030785035525467807
0.03937007874015748 0.03089347287743658
0.03937007874015748 0.02699572729391204
0.03937007874015748 0.02274063915848859
0.03937007874015748 0.022292103687837805
0.03937007874015748 0.027801374172294703
0.03937007874015748 0.029443089407927742
0.03937007874015748 0.02969777357599648
0.03937007874015748 0.028696686718848233
0.03937007874015748 0.028073213242729333
0.03937007874015748 0.028117060228796318
0.03937007874015748 0.02551225640130192
0.03937007874015748 0.0237029967850951
0.03937007874015748 0.0248427239626655
0.03937007874015748 0.027239003272618346
0.03937007874015748 0.0267922009262252
0.03937007874015748 0.027791144230342603
0.03937007874015748 0.02871749094302996
0.03937007874015748 0.025774004871648427
0.03937007874015748 0.02605463293709556
0.03937007874015748 0.025023625815856335
0.03937007874015748 0.027427692845024842
0.03937007874015748 0.031079887433670288
0.03937007874015748 0.025695924972816163
0.03937007874015748 0.025886394359821836
0.03937007874015748 0.024369514480243173
0.03937007874015748 0.028065256989797373
0.03937007874015748 0.027604622999168417
0.03937007874015748 0.026780261319778325
0.03937007874015748 0.027448560094942585
0.03937007874015748 0.029928002026972288
0.03937007874015748 0.029802945503177015
0.03937007874015748 0.028460416859869168
0.03937007874015748 0.02353778854952732
0.03937007874015748 0.029291076704772833
0.03937007874015748 0.03112920551551615
0.03937007874015748 0.03189698496116406
0.03937007874015748 0.029363804899063657
0.03937007874015748 0.02817221692673853
0.03937007874015748 0.024348883409894263
0.03937007874015748 0.024293301619515806
0.03937007874015748 0.02789257671246341
0.03937007874015748 0.03287625260301429
0.03937007874015748 0.033384115644006604
0.03968253968253968 0.027027104848321753
0.03968253968253968 0.0275589906881739
0.03968253968253968 0.03125266950597516
0.03968253968253968 0.029766646792814943
0.03968253968253968 0.025970092359130743
0.03968253968253968 0.028304730895580797
0.03968253968253968 0.027872816909855314
0.03968253968253968 0.028420778491475198
0.03968253968253968 0.029559837104704327
0.03968253968253968 0.031260025286437045
0.03968253968253968 0.02834746229482243
0.03968253968253968 0.028157423283017863
0.03968253968253968 0.02905915358368773
0.03968253968253968 0.027631595875396937
0.03968253968253968 0.0312139591456939
0.03968253968253968 0.03031853497777256
0.03968253968253968 0.02666537946400851
0.03968253968253968 0.024031680411027746
0.03968253968253968 0.025993474495395356
0.03968253968253968 0.028636273372701863
0.03968253968253968 0.02939463914664443
0.03968253968253968 0.029783863998740306
0.03968253968253968 0.028433913923518073
0.03968253968253968 0.02964720743276843
0.03968253968253968 0.02960846455470493
0.03968253968253968 0.028224469581624445
0.03968253968253968 0.027669167861139994
0.03968253968253968 0.026084734419025177
0.03968253968253968 0.028106789529978526
0.03968253968253968 0.024073662985366583
0.03968253968253968 0.027558575112093375
0.03968253968253968 0.02853402422561211
0.03968253968253968 0.02865048701624138
0.03968253968253968 0.02826525716801975
0.03968253968253968 0.02638888135957146
0.03968253968253968 0.028742356232294368
0.03968253968253968 0.02775366346699916
0.03968253968253968 0.030948420909786205
0.03968253968253968 0.02977461547465946
0.03968253968253968 0.028686911615494314
0.03968253968253968 0.03222157871953492
0.03968253968253968 0.02590799607888908
0.03968253968253968 0.027541345654157823
0.03968253968253968 0.024335687996722366
0.03968253968253968 0.02632522956393283
0.03968253968253968 0.02686881784052698
0.03968253968253968 0.027615991803328233
0.03968253968253968 0.03194909510303871
0.03968253968253968 0.02929327859613574
0.03968253968253968 0.028933020810906752
0.03968253968253968 0.02758148903632496
0.03968253968253968 0.029115495850117298
0.03968253968253968 0.028038059516767147
0.03968253968253968 0.025334971821625148
0.03968253968253968 0.029829315443057704
0.03968253968253968 0.027723398331837946
0.03968253968253968 0.030524895955516117
0.03968253968253968 0.03079560187422877
0.03968253968253968 0.03064127552538357
0.03968253968253968 0.030952664296111362
0.03968253968253968 0.028518550952296492
0.03968253968253968 0.02838708649602899
0.03968253968253968 0.02895078372308602
0.03968253968253968 0.027531890913413196
0.03968253968253968 0.028853217845932352
0.03968253968253968 0.03019203322836159
0.03968253968253968 0.028866502332275203
0.03968253968253968 0.02865933370666959
0.03968253968253968 0.028421527216662114
0.03968253968253968 0.029659702471760314
0.03968253968253968 0.029325656892408174
0.03968253968253968 0.03147810217638791
0.03968253968253968 0.030245402832264293
0.03968253968253968 0.026682818574713253
0.03968253968253968 0.028815388651145735
0.03968253968253968 0.02761551821597107
0.03968253968253968 0.02869332735231246
0.03968253968253968 0.026884984018989554
0.03968253968253968 0.029910672354338
0.03968253968253968 0.029679089391723274
0.03968253968253968 0.03118923651020234
0.03968253968253968 0.030305833361950398
0.03968253968253968 0.029742496887997273
0.03968253968253968 0.027830256718229616
0.03968253968253968 0.02625904924722503
0.03968253968253968 0.027881037709424312
0.03968253968253968 0.02812442819436698
0.03968253968253968 0.027222167578521875
0.03968253968253968 0.028702511537715202
0.03968253968253968 0.026048211769895482
0.03968253968253968 0.025077906983161855
0.03968253968253968 0.027025075702953864
0.03968253968253968 0.026279637271435192
0.03968253968253968 0.026849425877765197
0.03968253968253968 0.02965879854040547
0.03968253968253968 0.031272363446859276
0.03968253968253968 0.02983069959085415
0.03968253968253968 0.028022215085004812
0.03968253968253968 0.029516713361483413
0.03968253968253968 0.029442431686622684
0.03968253968253968 0.029276020465792897
0.03968253968253968 0.029210686965927424
0.03968253968253968 0.02823827557824623
0.03968253968253968 0.03156140767006164
0.03968253968253968 0.031149733105147716
0.03968253968253968 0.028568124342416984
0.03968253968253968 0.027827462623748286
0.03968253968253968 0.02629640196339285
0.03968253968253968 0.028043576923175342
0.03968253968253968 0.02746437406622215
0.03968253968253968 0.03092580491124166
0.03968253968253968 0.02580266801105145
0.03968253968253968 0.029133104088425434
0.03968253968253968 0.031533432979925606
0.03968253968253968 0.028832578803881605
0.03968253968253968 0.025618545257560462
0.03968253968253968 0.02424502695628178
0.03968253968253968 0.02668987390218558
0.03968253968253968 0.027815517853537034
0.03968253968253968 0.027634136045109458
0.03968253968253968 0.02936739051688309
0.03968253968253968 0.029755700348982922
0.03968253968253968 0.028953891538998515
0.03968253968253968 0.03013657388937246
0.03968253968253968 0.02862211031684108
0.03968253968253968 0.02990052183184977
0.03968253968253968 0.02735779759146404
0.03968253968253968 0.028712806407681833
0.03968253968253968 0.028589101656036654
0.03968253968253968 0.026875368916535025
0.03968253968253968 0.029542208699267512
0.03968253968253968 0.027252415362402253
0.03968253968253968 0.026021995750658708
0.03968253968253968 0.03023275233475525
0.03968253968253968 0.03125007922496113
0.03968253968253968 0.03254152648452356
0.03968253968253968 0.031006914439998506
0.03968253968253968 0.03188195638440233
0.03968253968253968 0.02537781820388911
0.03968253968253968 0.025305796358102695
0.03968253968253968 0.026193950537348385
0.03968253968253968 0.027001692887014588
0.03968253968253968 0.029106916856868777
0.03968253968253968 0.025689938194345785
0.03968253968253968 0.028167932783010257
0.03968253968253968 0.0313173898218495
0.03968253968253968 0.030765701294095504
0.03968253968253968 0.026968878406214997
0.03968253968253968 0.02903549314050082
0.03968253968253968 0.026086362369085677
0.03968253968253968 0.028713207759336244
0.03968253968253968 0.02914432450653329
0.03968253968253968 0.029638195697003728
0.03968253968253968 0.027696044402179678
0.03968253968253968 0.028529496820036304
0.03968253968253968 0.027528779238364477
0.03968253968253968 0.02213806353404677
0.03968253968253968 0.021375870216727367
0.03968253968253968 0.02316447077693228
0.03968253968253968 0.023776715775965292
0.03968253968253968 0.026619340592804363
0.03968253968253968 0.027504427161674238
0.03968253968253968 0.02319484649127807
0.03968253968253968 0.027441471764265646
0.04 0.026511111088722707
0.04 0.029284957826453198
0.04 0.02993431748153988
0.04 0.029415754676659984
0.04 0.029230266988320246
0.04 0.032899232151427094
0.04032258064516129 0.026871030268385263
0.04032258064516129 0.02533255562596052
0.04032258064516129 0.027839735781424176
0.04032258064516129 0.02902946030531652
0.04032258064516129 0.028789978798407303
0.04032258064516129 0.029802985115452332
0.04032258064516129 0.027449295822449905
0.04032258064516129 0.026787157824842804
0.04032258064516129 0.02862586741348788
0.04032258064516129 0.029455143564037573
0.04032258064516129 0.027587822590446745
0.04032258064516129 0.0300317905525022
0.04032258064516129 0.027197635692382843
0.04032258064516129 0.02980497274380247
0.04032258064516129 0.02822887794038395
0.04032258064516129 0.026629076110811598
0.04032258064516129 0.027611010367942456
0.04032258064516129 0.03030890399955889
0.04032258064516129 0.03359551217659615
0.04032258064516129 0.029953200474478418
0.04032258064516129 0.03120631609415129
0.04032258064516129 0.029374717203064376
0.04032258064516129 0.027565590665350123
0.04032258064516129 0.022453559984892946
0.04032258064516129 0.02386368395935779
0.04032258064516129 0.026052462740514055
0.04032258064516129 0.027304235481552776
0.04032258064516129 0.027219783918285702
0.04032258064516129 0.024393517267901104
0.04032258064516129 0.026852479781304832
0.04032258064516129 0.025991401278748338
0.04032258064516129 0.028131326442220737
0.04032258064516129 0.026800481495838496
0.04032258064516129 0.028956116627098346
0.04032258064516129 0.029830635576525447
0.04032258064516129 0.029090395191871975
0.04032258064516129 0.02627627685587545
0.04032258064516129 0.02754497869050615
0.04032258064516129 0.026684207243393997
0.04032258064516129 0.026139948653059405
0.04032258064516129 0.024424485441387832
0.04032258064516129 0.024476151439697332
0.04032258064516129 0.023493155494418116
0.04032258064516129 0.026723956621438186
0.04032258064516129 0.027654835789723043
0.04032258064516129 0.028935374642597687
0.04032258064516129 0.02871425836328718
0.04032258064516129 0.030088180805680514
0.04032258064516129 0.029381525044299046
0.04032258064516129 0.02753395617309987
0.04032258064516129 0.02855975090354086
0.04032258064516129 0.027139705041455953
0.04032258064516129 0.025340712245795115
0.04032258064516129 0.02642404207146858
0.04032258064516129 0.02745449780564434
0.04032258064516129 0.026491814857206444
0.04032258064516129 0.02598471202666594
0.04032258064516129 0.02829626103800268
0.04032258064516129 0.02765864615181158
0.04032258064516129 0.025438073645600547
0.04032258064516129 0.0281220263610781
0.04032258064516129 0.027179719902432516
0.04032258064516129 0.02798183404973032
0.04032258064516129 0.02938177087702826
0.04032258064516129 0.029822164918495202
0.04032258064516129 0.031495539466635414
0.04032258064516129 0.031217786818983937
0.04032258064516129 0.02542867856052504
0.04032258064516129 0.031701178087494675
0.04032258064516129 0.02911841014812403
0.04032258064516129 0.028076276130608778
0.04032258064516129 0.029959347253595853
0.04032258064516129 0.03149896417519054
0.04032258064516129 0.03085020867997465
0.04032258064516129 0.03455946864064136
0.04032258064516129 0.02923886394628102
0.04032258064516129 0.025021361162306653
0.04032258064516129 0.026336959892817632
0.04032258064516129 0.0280058809379107
0.04032258064516129 0.0250642784044518
0.04032258064516129 0.0278725631047309
0.04032258064516129 0.028245205060742504
0.04032258064516129 0.03162145270682329
0.04032258064516129 0.0296872739346921
0.04032258064516129 0.0280438335836303
0.04032258064516129 0.028946077440079477
0.04032258064516129 0.02999664466684018
0.04032258064516129 0.029586014304077885
0.04032258064516129 0.029533808671426583
0.04032258064516129 0.029682144264113638
0.04032258064516129 0.031863560262640686
0.04032258064516129 0.03071846783714598
0.04032258064516129 0.029669186829593037
0.04032258064516129 0.032348945053634094
0.04032258064516129 0.03293458396558564
0.04032258064516129 0.028570345227357297
0.04032258064516129 0.0304558819635069
0.04032258064516129 0.029401542658250505
0.04032258064516129 0.02645095085231789
0.04032258064516129 0.029615334890496694
0.04032258064516129 0.027794328908133187
0.04032258064516129 0.029789046269896112
0.04032258064516129 0.02739522819289818
0.04032258064516129 0.02759726973999295
0.04032258064516129 0.02733677831265475
0.04032258064516129 0.026124943244374112
0.04032258064516129 0.0297390033069998
0.04032258064516129 0.026728711389660792
0.04032258064516129 0.028213196484095093
0.04032258064516129 0.02643849169342369
0.04032258064516129 0.030958954914674118
0.04032258064516129 0.027807990046094095
0.04032258064516129 0.029156664422735293
0.04032258064516129 0.0317785896816721
0.04032258064516129 0.031272797139709874
0.04032258064516129 0.03113344273025619
0.04032258064516129 0.029385438821086997
0.04032258064516129 0.028030987725329602
0.04065040650406504 0.029554295632773918
0.04065040650406504 0.02816033028780686
0.04065040650406504 0.02780364900928491
0.04065040650406504 0.027830974796901792
0.04065040650406504 0.024679379510537586
0.04065040650406504 0.023340238431522747
0.04065040650406504 0.02309481255995515
0.04065040650406504 0.022545109514501113
0.04065040650406504 0.024742607815881463
0.04065040650406504 0.025730238873545443
0.04065040650406504 0.027900250371552502
0.04065040650406504 0.03157269355034583
0.04065040650406504 0.030827482690998814
0.04065040650406504 0.0303629099132875
0.04065040650406504 0.0274303927372889
0.04065040650406504 0.033128264656001494
0.04065040650406504 0.03102168791211313
0.04065040650406504 0.029096208098488046
0.04065040650406504 0.03064617699248502
0.04065040650406504 0.028090167774811887
0.04065040650406504 0.026956262687340006
0.04065040650406504 0.028433829099015345
0.04065040650406504 0.025528358991118095
0.04065040650406504 0.027381771290339328
0.04065040650406504 0.027394490891906816
0.04065040650406504 0.026737707248515694
0.04065040650406504 0.02616006927540597
0.04065040650406504 0.027745266098079414
0.04065040650406504 0.027396462960955145
0.04065040650406504 0.029145974940434725
0.04065040650406504 0.027378199571745053
0.04065040650406504 0.029407078330077895
0.04065040650406504 0.029463408173042913
0.04065040650406504 0.030069198229622486
0.04065040650406504 0.028394000109899675
0.04065040650406504 0.0281366623332144
0.04065040650406504 0.026387687954227364
0.04065040650406504 0.03327188338399464
0.04065040650406504 0.030257701342444775
0.04065040650406504 0.030581734971944677
0.04065040650406504 0.030973689647027507
0.04065040650406504 0.031196256447726285
0.04065040650406504 0.03209298280605921
0.04065040650406504 0.03113032604675098
0.04065040650406504 0.02879721535172772
0.04065040650406504 0.028716361805845154
0.04065040650406504 0.02710186528110778
0.04065040650406504 0.02650452892958531
0.04065040650406504 0.026808993481997764
0.04065040650406504 0.030576502340086506
0.04065040650406504 0.027598746992645945
0.04065040650406504 0.027200699648501078
0.04065040650406504 0.029762997943700825
0.04065040650406504 0.030701372593840457
0.04065040650406504 0.029474746943885955
0.04065040650406504 0.028973573598154
0.04065040650406504 0.03021960125263647
0.04065040650406504 0.027129979987786546
0.04065040650406504 0.027308165971014535
0.04065040650406504 0.029689471594150686
0.04065040650406504 0.028126776794833275
0.04065040650406504 0.028355162236191552
0.04065040650406504 0.028795294054971343
0.04065040650406504 0.02772446620583641
0.04065040650406504 0.03112402551859184
0.04065040650406504 0.030120385474743536
0.04065040650406504 0.02740428307335627
0.04065040650406504 0.029254754087311936
0.04065040650406504 0.03388673625272417
0.04065040650406504 0.03160929585973636
0.04065040650406504 0.03044860527696417
0.04065040650406504 0.03334430903923892
0.04065040650406504 0.03543008933194455
0.04065040650406504 0.03277195401245835
0.04065040650406504 0.03336218564826671
0.04065040650406504 0.03037584960150434
0.04065040650406504 0.02751968295025338
0.04065040650406504 0.029540065609662332
0.04065040650406504 0.030408487818974896
0.04065040650406504 0.029350965908451744
0.04065040650406504 0.025597918580222857
0.04065040650406504 0.022850991438863783
0.04065040650406504 0.028970008174754546
0.04065040650406504 0.02694769952697213
0.04065040650406504 0.028662843037071988
