5.559879906594018E-4 4.186163150792298E-4
8.837044892188054E-4 4.6580540447516117E-4
8.837044892188054E-4 5.034594509318889E-4
8.837044892188054E-4 5.513747306841628E-4
8.837044892188054E-4 5.459896410164219E-4
0.0015718327569946555 5.864265990964464E-4
0.0015718327569946555 6.487375576277485E-4
0.0015718327569946555 6.504416395988342E-4
0.0015718327569946555 6.6011746099029E-4
0.0015718327569946555 7.919051111100492E-4
0.0015718327569946555 9.469311811433397E-4
0.0018917896329928112 0.0010568782180677653
0.0018917896329928112 0.001143700164330298
0.0021061499578770007 0.0012876187293722882
0.0021061499578770007 0.0012918936120824753
0.00250501002004008 0.001451212830672528
0.00250501002004008 0.0015212211974129134
0.0026483050847457626 0.0016290316871649295
0.0026483050847457626 0.0016461760350800722
0.00273224043715847 0.0017292026630563154
0.00273224043715847 0.0017365393488954883
0.00273224043715847 0.001862173187174837
0.00275178866263071 0.001856366264564818
0.00275178866263071 0.002030562920175934
0.002807411566535654 0.002038675078906198
0.002807411566535654 0.002273248813422602
0.0028702640642939152 0.002344500660884359
0.0028702640642939152 0.0023191396474005655
0.0035435861091424525 0.0022993770466673735
0.003993610223642172 0.0023652047284889047
0.0048449612403100775 0.0025163940316771925
0.0048449612403100775 0.0025651809154132142
0.0048449612403100775 0.0026591607899213395
0.005107252298263534 0.002730686707844118
0.005107252298263534 0.002980251018345997
0.005107252298263534 0.0029026677419701137
0.005417118093174431 0.0030314702096609337
0.005417118093174431 0.0030474641352101557
0.005630630630630631 0.0032354602248696254
0.006211180124223602 0.0033103413360858857
0.006211180124223602 0.003354908290515449
0.006211180124223602 0.003341511408845331
0.006211180124223602 0.003213284808395291
0.006211180124223602 0.0033310639796765
0.006613756613756614 0.0033008946402924614
0.006613756613756614 0.003642959949314761
0.007739938080495357 0.00384694774114626
0.007739938080495357 0.0036551668815665095
0.007739938080495357 0.004014228091598403
0.007739938080495357 0.004043435183739638
0.007739938080495357 0.0038229405434555695
0.008038585209003215 0.003984120285334704
0.008038585209003215 0.004464747869803837
0.008038585209003215 0.005187389447342466
0.008038585209003215 0.005793590955144492
0.008038585209003215 0.005998550467530945
0.008038585209003215 0.005976100419664901
0.008038585209003215 0.006513409504117993
0.008038585209003215 0.006727273673661845
0.009328358208955223 0.006613917309572723
0.009328358208955223 0.006532705120058745
0.01644736842105263 0.007064894585558005
0.01644736842105263 0.006314060643770336
0.01644736842105263 0.005977396698456558
0.01644736842105263 0.005349653506452658
0.01644736842105263 0.0063067532511669015
0.01644736842105263 0.00653833927950403
0.01644736842105263 0.006487838596267152
0.01644736842105263 0.007073095286917089
0.01644736842105263 0.006927770483896837
0.01644736842105263 0.007573161837047395
0.01644736842105263 0.00774189606911075
0.01644736842105263 0.00703747330276313
0.01644736842105263 0.00912734780490523
0.01644736842105263 0.01035024319417125
0.01644736842105263 0.01037540189314643
0.01644736842105263 0.010938840275363694
0.01644736842105263 0.011911185395441509
0.01644736842105263 0.012613270488934824
0.01644736842105263 0.012884659724413074
0.01644736842105263 0.01402083108058526
0.01644736842105263 0.013669829707605793
0.01644736842105263 0.013016422595372588
0.01644736842105263 0.012199543429656194
0.01644736842105263 0.012105431208659295
0.01644736842105263 0.012531112024468258
0.01644736842105263 0.013694623379958628
0.01644736842105263 0.014285790666970387
0.01644736842105263 0.013229736755101225
0.01644736842105263 0.012307239693316194
0.01644736842105263 0.012879129446279445
0.01644736842105263 0.012016043693927763
0.01644736842105263 0.010938943139493394
0.01644736842105263 0.01026848616060467
0.01644736842105263 0.011979247995241154
0.01644736842105263 0.011887550464135383
0.01644736842105263 0.01092711589169781
0.01644736842105263 0.01193874923779232
0.01644736842105263 0.012342738405342508
0.01644736842105263 0.011711288058297714
0.01644736842105263 0.011590310731333849
0.01644736842105263 0.01250490728067602
0.01644736842105263 0.011732534960956635
0.01644736842105263 0.012106638469064183
0.01644736842105263 0.012246818296363343
0.01644736842105263 0.012130147109304044
0.01644736842105263 0.01197506619222884
0.01644736842105263 0.011796450444538354
0.0165016501650165 0.01237258500888631
0.0165016501650165 0.012109357456981619
0.0165016501650165 0.012962811139528147
0.0165016501650165 0.012877117356147674
0.0165016501650165 0.01189526877024431
0.0165016501650165 0.01187667562557704
0.0165016501650165 0.011482106027480135
0.0165016501650165 0.010502868999415129
0.0165016501650165 0.010611089042685647
0.0165016501650165 0.010320790896675485
0.0165016501650165 0.012459912374646144
0.0165016501650165 0.011913727072146324
0.0165016501650165 0.011656000107241377
0.0165016501650165 0.011472443600928644
0.0165016501650165 0.011191877492822366
0.023364485981308414 0.011380717029208851
0.023364485981308414 0.012416653156060362
0.023364485981308414 0.0132228096233192
0.023364485981308414 0.015451476873943349
0.023364485981308414 0.017079747587432796
0.023364485981308414 0.017452001656683508
0.023364485981308414 0.01923345270571093
0.023364485981308414 0.0173696576006291
0.023364485981308414 0.01762270232348231
0.023364485981308414 0.01573375777026485
0.023364485981308414 0.015455904508834143
0.023364485981308414 0.017397141564184697
0.023364485981308414 0.018065813776414266
0.023364485981308414 0.018247934084957583
0.023364485981308414 0.01703624988384883
0.023364485981308414 0.01692519513096535
0.023364485981308414 0.016716355855842708
0.023364485981308414 0.017836146321990962
0.023364485981308414 0.019059979374534818
0.023364485981308414 0.0185719675248796
0.023364485981308414 0.019166188588629778
0.023364485981308414 0.017474145644964068
0.023364485981308414 0.01817312184148555
0.023364485981308414 0.018955011269840488
0.023364485981308414 0.017847085044414433
0.023364485981308414 0.01744489368462652
0.023364485981308414 0.01717354799100501
0.023364485981308414 0.016833232898253326
0.023364485981308414 0.017669526945693098
0.023364485981308414 0.015786130948115932
0.023364485981308414 0.017176549816315285
0.023364485981308414 0.017315490866606983
0.023364485981308414 0.01899625697282584
0.023474178403755867 0.019968152181253977
0.023474178403755867 0.016785275615363016
0.023474178403755867 0.01587685961199505
0.023474178403755867 0.016624115305574838
0.023474178403755867 0.01596844216941521
0.023474178403755867 0.016058708738223845
0.023474178403755867 0.01602449084500214
0.023474178403755867 0.014143211827504196
0.023474178403755867 0.015822893661559354
0.023474178403755867 0.016194225538657903
0.023474178403755867 0.01561971588401338
0.023474178403755867 0.016242382597563512
0.023474178403755867 0.01606589002499633
0.023474178403755867 0.016544897138245626
0.023474178403755867 0.017655990568196132
0.023474178403755867 0.01732104453511413
0.023474178403755867 0.01762515368594331
0.023474178403755867 0.015321929136235932
0.023474178403755867 0.017235064371600682
0.023474178403755867 0.017566815485109445
0.023474178403755867 0.01829419949539127
0.023474178403755867 0.01882464145849558
0.023474178403755867 0.019398005521901313
0.023474178403755867 0.018406642971115928
0.023474178403755867 0.01826119553919282
0.023474178403755867 0.01847689340800054
0.023474178403755867 0.01636649345000198
0.023474178403755867 0.01570461374118543
0.023474178403755867 0.01548365066816253
0.023474178403755867 0.015779203295339987
0.023474178403755867 0.016803884786106442
0.023474178403755867 0.016156186814001182
0.023474178403755867 0.016461877692059545
0.023474178403755867 0.018352557955363617
0.023474178403755867 0.016721967225340535
0.023474178403755867 0.018880226298901282
0.023474178403755867 0.019069765278568934
0.023474178403755867 0.017738771883487697
0.023474178403755867 0.018860235962245293
0.023474178403755867 0.017330159739348226
0.023474178403755867 0.01777688544368271
0.023474178403755867 0.019864168067766017
0.023474178403755867 0.019884282948071905
0.023474178403755867 0.018292963852353974
0.023474178403755867 0.019185394972505147
0.023474178403755867 0.01672069352921803
0.023474178403755867 0.016941996915677274
0.023474178403755867 0.017175096105411986
0.023474178403755867 0.017673141088661342
0.023474178403755867 0.015861227602730062
0.023474178403755867 0.015527054065716483
0.023474178403755867 0.016604601615189864
0.023474178403755867 0.016222763088790632
0.023474178403755867 0.01646847054099416
0.023474178403755867 0.017708852848619946
0.023474178403755867 0.0176295099785169
0.023474178403755867 0.016508469498221903
0.023474178403755867 0.015534318851205316
0.023474178403755867 0.01797238564359648
0.023474178403755867 0.01915661868400272
0.023474178403755867 0.019760251500936958
0.023474178403755867 0.016507433982497415
0.023474178403755867 0.016154740781226338
0.023474178403755867 0.014822232089058213
0.023474178403755867 0.01668979725306377
0.023474178403755867 0.016951485909850916
0.023474178403755867 0.01772263910906771
0.023474178403755867 0.01889369564684239
0.023474178403755867 0.019257280720271976
0.023474178403755867 0.018544288944521866
0.023474178403755867 0.017873539174974792
0.023474178403755867 0.017883004052147846
0.023474178403755867 0.016575113201069386
0.023474178403755867 0.01707693188340052
0.023474178403755867 0.01750631934795224
0.023474178403755867 0.016088203174781077
0.023474178403755867 0.01878095747589715
0.023474178403755867 0.018944449088683635
0.023474178403755867 0.017112379804509845
0.023474178403755867 0.015586288279321443
0.023474178403755867 0.017574777330935182
0.023474178403755867 0.016737614489169786
0.023474178403755867 0.01735691879932767
0.023474178403755867 0.017086260000867375
0.023474178403755867 0.017355704696905148
0.023474178403755867 0.01753304001935271
0.023474178403755867 0.016181769309463183
0.023474178403755867 0.015553293298802695
0.023474178403755867 0.015377719712072834
0.023474178403755867 0.01491479244729275
0.023474178403755867 0.016521931588726054
0.023474178403755867 0.017666998732999716
0.023474178403755867 0.018571940197001063
0.023474178403755867 0.018231772677922604
0.023474178403755867 0.019385528250300554
0.023474178403755867 0.01651732099516306
0.023474178403755867 0.01725154950363098
0.023474178403755867 0.01778991396761004
0.023474178403755867 0.018586300509378456
0.023474178403755867 0.017581875376873765
0.023474178403755867 0.016040023090739413
0.023474178403755867 0.017391507984012313
0.023809523809523808 0.016761527912398464
0.023809523809523808 0.016498577286432635
0.023809523809523808 0.016943494013291243
0.023809523809523808 0.017415928272932514
0.023809523809523808 0.01702856206571711
0.023809523809523808 0.01697739380308665
0.023809523809523808 0.01701347996928503
0.023809523809523808 0.015695386441196484
0.023809523809523808 0.01594411660775453
0.023809523809523808 0.014725040079473789
0.023809523809523808 0.013365749258864457
0.023809523809523808 0.01335359260939645
0.023809523809523808 0.013784956193542816
0.023809523809523808 0.015449903654506924
0.023809523809523808 0.018641773491094676
0.023809523809523808 0.016738154887559226
0.023809523809523808 0.01560634071002716
0.023809523809523808 0.016988264548768946
0.023809523809523808 0.017005532020329645
0.038461538461538464 0.01759852141481146
0.038461538461538464 0.01909877718316523
0.038461538461538464 0.020274123955294585
0.038461538461538464 0.02426391377618769
0.038461538461538464 0.023570705596491322
0.038461538461538464 0.025218052429199632
0.038461538461538464 0.026371773474307643
0.038461538461538464 0.03164836824316818
0.038461538461538464 0.03049736356508287
0.038461538461538464 0.030389987271649804
0.038461538461538464 0.03053172790428037
0.038461538461538464 0.03097987276266902
0.038461538461538464 0.03243365829103518
0.038461538461538464 0.03086292928430036
0.038461538461538464 0.02865132486025839
0.038461538461538464 0.027533153844089393
0.038461538461538464 0.02909664099921543
0.038461538461538464 0.02784513482199945
0.03875968992248062 0.03042897285211535
0.03875968992248062 0.026381122399066172
0.03875968992248062 0.028378581904571154
0.03875968992248062 0.03071465044539313
0.03875968992248062 0.026998374515906132
0.03875968992248062 0.025839426095447968
0.03875968992248062 0.02949282377790309
0.03875968992248062 0.027290532728983682
0.03875968992248062 0.02479991565298565
0.03875968992248062 0.0215003252816066
0.03875968992248062 0.026517298289365904
0.03875968992248062 0.024359066796137665
0.03875968992248062 0.027185412685657516
0.03875968992248062 0.028844971123619664
0.03875968992248062 0.03097207536200272
0.03875968992248062 0.03109580823269112
0.03875968992248062 0.029167820453997576
0.03875968992248062 0.028132653166033483
0.03875968992248062 0.028245804632864642
0.03875968992248062 0.02869714378249169
0.03875968992248062 0.031041550789645614
0.03875968992248062 0.030772736211280727
0.03875968992248062 0.030417875736576606
0.03875968992248062 0.02979163583533795
0.03875968992248062 0.029860759768666114
0.03875968992248062 0.0274498418811333
0.03875968992248062 0.025381563947850776
0.03875968992248062 0.0276329115230555
0.03875968992248062 0.028761867738775263
0.03875968992248062 0.030472210170011886
0.03875968992248062 0.030622084479558182
0.03875968992248062 0.031122452578734333
0.03875968992248062 0.02805279597913014
0.03875968992248062 0.026865577845107444
0.03875968992248062 0.024450821848586938
0.03875968992248062 0.02622492718125471
0.03875968992248062 0.029397911888183564
0.03875968992248062 0.026661082541529567
0.03875968992248062 0.028229458664605418
0.03875968992248062 0.032029828179237545
0.03875968992248062 0.029395493449879958
0.03875968992248062 0.030798643568283792
0.03875968992248062 0.028923201486729222
0.03875968992248062 0.030763341422292194
0.03875968992248062 0.028538055429981286
0.03875968992248062 0.027190561528463615
0.03875968992248062 0.030961055510559003
0.03875968992248062 0.031540329644270226
0.03875968992248062 0.030412375434146335
0.03875968992248062 0.029426560793825673
0.03875968992248062 0.02838186650251485
0.03875968992248062 0.028352327463949948
0.03875968992248062 0.0307159488611528
0.03875968992248062 0.025985607914779663
0.03875968992248062 0.02687570812640503
0.03875968992248062 0.026209776540364816
0.03875968992248062 0.02955717219047407
0.03875968992248062 0.028430088495507804
0.03875968992248062 0.025604958312885315
0.03875968992248062 0.02736548514372746
0.03875968992248062 0.026959455470195296
0.03875968992248062 0.0279686439435284
0.03875968992248062 0.0301349212341665
0.03875968992248062 0.02979274817361758
0.03875968992248062 0.027718729843543326
0.03875968992248062 0.027906217761583182
0.03875968992248062 0.029862882453972103
0.03875968992248062 0.028710825156926165
0.03875968992248062 0.026955595501209788
0.03875968992248062 0.028064349131789852
0.03875968992248062 0.026778039212923686
0.03875968992248062 0.026332041391160074
0.03875968992248062 0.023838389054612302
0.03875968992248062 0.026789688432008782
0.03875968992248062 0.028587565878810655
0.03875968992248062 0.02881856123422375
0.03875968992248062 0.026537300310542238
0.03875968992248062 0.026072298598970627
0.03875968992248062 0.030305381926136393
0.03875968992248062 0.03268652638055307
0.03875968992248062 0.02987399838260832
0.03875968992248062 0.029822658500218622
0.03875968992248062 0.030464765936765004
0.03875968992248062 0.02744825063747222
0.03875968992248062 0.02849338056751691
0.03875968992248062 0.029750232522718634
0.03875968992248062 0.030735284480746437
0.03875968992248062 0.030035954821379354
0.03875968992248062 0.028819647086702236
0.03875968992248062 0.02694413857723583
0.03875968992248062 0.0294870015687343
0.03875968992248062 0.028777193043257723
0.03875968992248062 0.030224566541856755
0.03875968992248062 0.02958633220691924
0.03875968992248062 0.028604306297330975
0.03875968992248062 0.030804347013348058
0.03875968992248062 0.027196045553186107
0.03875968992248062 0.028994491862662303
0.03875968992248062 0.030239893488254052
0.03875968992248062 0.027991247705374964
0.03875968992248062 0.025118502567091517
0.03875968992248062 0.029710096105680824
0.03875968992248062 0.03154927315318328
0.03875968992248062 0.028885048455299947
0.03875968992248062 0.027565542396522057
0.03875968992248062 0.029268376717839124
0.03875968992248062 0.030661801545431227
0.03875968992248062 0.03233313165013689
0.03875968992248062 0.029464329239801527
0.03875968992248062 0.03081146586784855
0.03875968992248062 0.03029414311666997
0.03875968992248062 0.03054307613307396
0.03875968992248062 0.03083742824076928
0.03875968992248062 0.030069766346617084
0.03875968992248062 0.03153985984515546
0.03875968992248062 0.026510096239153205
0.03875968992248062 0.025645255132445414
0.03875968992248062 0.026346847986440082
0.03875968992248062 0.02911282003514341
0.03875968992248062 0.027723787164189134
0.03875968992248062 0.02775706314747381
0.03875968992248062 0.027561219972734637
0.03937007874015748 0.03031436412513119
0.03937007874015748 0.0318688575438427
0.03937007874015748 0.028821837171682043
0.03937007874015748 0.028681393840259733
0.03937007874015748 0.029297493299496078
0.03937007874015748 0.0285608821459654
0.03937007874015748 0.02464509442051501
0.03937007874015748 0.023712006777605977
0.03937007874015748 0.022291881199539686
0.03937007874015748 0.02506195893043782
0.03937007874015748 0.027342296652450138
0.03937007874015748 0.030240898037762667
0.03937007874015748 0.03138471692741838
0.03937007874015748 0.031411886178300416
0.03937007874015748 0.02828812908310313
0.03937007874015748 0.02716303663008627
0.03937007874015748 0.030298587986592778
0.03937007874015748 0.02924095885635059
0.03937007874015748 0.030726707604476475
0.03937007874015748 0.02973257207510943
0.03937007874015748 0.02942231615540366
0.03937007874015748 0.030139740862223808
0.03937007874015748 0.029415983478041106
0.03937007874015748 0.03130447644006473
0.03937007874015748 0.03041842722961099
0.03937007874015748 0.026557826945820713
0.03937007874015748 0.026635018476136106
0.03937007874015748 0.03249913663565717
0.03937007874015748 0.03115903552539331
0.03937007874015748 0.02850450401277364
0.03937007874015748 0.029540595691729586
0.03937007874015748 0.030360436088308653
0.03937007874015748 0.03020209379562547
0.03937007874015748 0.027798834798598175
0.03937007874015748 0.023180546488536506
0.03937007874015748 0.024994262862935497
0.03937007874015748 0.027571015236525293
0.03937007874015748 0.027643534943053896
0.03937007874015748 0.025527741393899284
0.03937007874015748 0.026744232657279817
0.03937007874015748 0.030648135167851344
0.03937007874015748 0.02881646479821527
0.03937007874015748 0.031054922792326738
0.03937007874015748 0.029395854212834794
0.03968253968253968 0.031656230937249584
0.03968253968253968 0.030539673519947207
0.03968253968253968 0.027530105666413365
0.03968253968253968 0.02856293191861692
0.03968253968253968 0.025542241156326438
0.03968253968253968 0.019804563167176173
0.04 0.0262179826661497
0.04 0.026117576907831095
0.04 0.027934604115654734
0.04 0.02898394849378626
0.04 0.026744208422376826
0.04 0.02523905046320484
0.04 0.027299249364993297
0.04 0.025988406463599564
0.04 0.030412369624704165
0.04 0.029886315676149872
0.04 0.023519497995570526
0.04 0.023295458423570253
0.04 0.02453600838655509
0.04 0.02524040223038489
0.04 0.02504471479469266
0.04 0.024393558895011488
0.04 0.02942532436505346
0.04 0.030647372363081134
0.04 0.02788497409020318
0.04 0.02580821803433512
0.04 0.024819714351668666
0.04 0.02461673847696718
0.04 0.028750610406189488
0.04 0.029228306425491655
0.04 0.0313963017784209
0.04 0.03049975462867318
0.04 0.03074280694092731
0.04 0.028083621667105655
0.04 0.02347323342339398
0.04 0.02756139820225363
0.04 0.029399515697239288
0.04 0.028580629313191327
0.04 0.03174639120983312
0.04 0.02836192700815729
0.04 0.029299763871154492
0.04 0.029235398021920486
0.04 0.02890720798972521
0.04 0.030208893707710818
0.04 0.03184478292596147
0.04032258064516129 0.03122238074894701
0.04032258064516129 0.02600613814429725
0.04032258064516129 0.03035944007739864
0.04032258064516129 0.028784628957002942
0.04032258064516129 0.03126504853317175
0.04032258064516129 0.03109066895482236
0.04032258064516129 0.025580797021873526
0.04032258064516129 0.02507607663674988
0.04032258064516129 0.02347169692312691
0.04032258064516129 0.027673405214992515
0.04032258064516129 0.02844369425043987
0.04032258064516129 0.030053181909069852
0.04310344827586207 0.031090634157548966
0.04310344827586207 0.027334225867215588
0.04310344827586207 0.02961057511849314
0.04310344827586207 0.029983836057913264
0.04310344827586207 0.029923118736536285
0.04310344827586207 0.029091234334946113
0.04310344827586207 0.02748367620266527
0.04310344827586207 0.024928796241791923
0.04310344827586207 0.024784947706708204
0.04310344827586207 0.027859959448549156
0.04310344827586207 0.03062795907518647
0.04310344827586207 0.028003022487107364
0.04310344827586207 0.026619598760199814
0.04310344827586207 0.028498638020463058
0.04310344827586207 0.028154301562960435
0.04310344827586207 0.02715416942179071
0.04310344827586207 0.027073014706935
0.04310344827586207 0.02432306855484485
0.04310344827586207 0.024068485073648067
0.04310344827586207 0.031807824370033475
0.04310344827586207 0.03033236572014185
0.04310344827586207 0.03363402276443123
0.04310344827586207 0.03219849107367861
0.04310344827586207 0.03569177406266314
0.04310344827586207 0.030826810435252965
0.04310344827586207 0.02466822443756806
0.04310344827586207 0.025803377697557764
0.04310344827586207 0.029858310792527983
0.04310344827586207 0.03094500234612336
0.04310344827586207 0.028705501469711212
0.04310344827586207 0.03401638050384566
0.04310344827586207 0.02994618607391898
0.04310344827586207 0.031702444209088534
0.04310344827586207 0.027477627907783474
0.04310344827586207 0.0322835763398872
0.04310344827586207 0.03217679104864956
0.04310344827586207 0.02852737337994695
0.04310344827586207 0.027637647652570985
0.04310344827586207 0.029362487803234423
0.04310344827586207 0.031604787965657424
0.04310344827586207 0.03440710572445125
0.04310344827586207 0.035398026162272694
0.04310344827586207 0.03546517375771179
0.04310344827586207 0.03639115198216743
0.04310344827586207 0.029503630620233368
0.04310344827586207 0.03301021244266377
0.04310344827586207 0.030759246248177493
0.04310344827586207 0.033066606692088475
0.04310344827586207 0.03428474435447051
0.04310344827586207 0.03446466738179656
0.04310344827586207 0.03796278641197574
0.04310344827586207 0.03386975776449449
0.04310344827586207 0.031146560944564812
0.04310344827586207 0.0327165864350488
0.04310344827586207 0.02991957176703998
0.04310344827586207 0.03233907539700927
0.04310344827586207 0.03032810989982665
0.04310344827586207 0.03418561701978177
0.04310344827586207 0.033697051345291495
0.04310344827586207 0.030924513775188067
0.04310344827586207 0.026479784821459906
0.04310344827586207 0.027110242468638416
0.04310344827586207 0.02631944508562157
0.04310344827586207 0.029271590081996715
0.04310344827586207 0.03073316102526868
0.04310344827586207 0.02587218799851981
0.04310344827586207 0.029599967445344617
0.04310344827586207 0.028737723423550667
0.04310344827586207 0.029280673454601825
0.04310344827586207 0.026475196935797026
0.04310344827586207 0.028732792615576562
0.04310344827586207 0.030064995220539615
0.04310344827586207 0.032671403800973775
0.04310344827586207 0.03345445861837978
0.04310344827586207 0.032945508502613206
0.04310344827586207 0.034599139694526354
0.04310344827586207 0.03664245956614322
0.04310344827586207 0.03144406681334555
0.04310344827586207 0.030029061111659327
0.04310344827586207 0.030632781105786856
0.04310344827586207 0.028137747442997085
0.04310344827586207 0.028556223284698413
0.04310344827586207 0.025955824441266633
0.04310344827586207 0.030035505975196997
0.04310344827586207 0.03184652371483217
0.04310344827586207 0.02930340688357938
0.04310344827586207 0.02882663093675501
0.04310344827586207 0.031411547775847995
0.04310344827586207 0.03215465507882486
0.04310344827586207 0.03101687706303666
0.04310344827586207 0.029188239325900256
0.04310344827586207 0.03204939540481713
0.04310344827586207 0.030271628709340713
0.04310344827586207 0.02974440498995195
0.04310344827586207 0.024914596638023596
0.04310344827586207 0.02616498147207829
0.04310344827586207 0.027063135426700913
0.04310344827586207 0.03067890930250546
0.04310344827586207 0.02951768320618768
0.04310344827586207 0.030565016973535936
0.04310344827586207 0.029937854391206543
0.04310344827586207 0.033397374784680925
0.04310344827586207 0.02910163393063998
0.04310344827586207 0.02829037616597723
0.04310344827586207 0.03034168062061787
0.04310344827586207 0.02772093768063723
0.04310344827586207 0.02977053189861624
0.04310344827586207 0.030210567313626722
0.04310344827586207 0.02897699860498318
0.04310344827586207 0.02675949083278536
0.04310344827586207 0.02594086015242232
0.04310344827586207 0.02773807657168073
0.04310344827586207 0.03004425759536728
0.04310344827586207 0.031027387645421105
0.04310344827586207 0.034997725319098824
0.04310344827586207 0.026508813040834855
0.04310344827586207 0.026413673497353813
0.04310344827586207 0.03222459756770858
0.04310344827586207 0.032869338628714995
0.04310344827586207 0.034059249271207334
0.04310344827586207 0.02846148716462708
0.04310344827586207 0.028810372472595252
0.04310344827586207 0.03050702791898412
0.04310344827586207 0.029907292299364195
0.04310344827586207 0.034451759149840215
0.04310344827586207 0.03176778247953063
0.04310344827586207 0.03521780747985458
0.04310344827586207 0.034105330624133866
0.04310344827586207 0.03565386152196473
0.04310344827586207 0.03188529108931823
0.04310344827586207 0.028162335023627957
0.04310344827586207 0.028335830456602904
0.04310344827586207 0.02834385526790699
0.04310344827586207 0.031071877493900547
0.04310344827586207 0.02685287838091401
0.04310344827586207 0.03159207078350362
0.04310344827586207 0.0302738043940853
0.04310344827586207 0.030220900018880587
0.04310344827586207 0.028802017902442457
0.04310344827586207 0.0278100878110963
0.04310344827586207 0.02748428801360169
0.04310344827586207 0.02969266817827881
0.04310344827586207 0.02726221224895758
0.04310344827586207 0.026664136138130193
0.04310344827586207 0.030631752312562457
0.04310344827586207 0.032288829772666366
0.04310344827586207 0.031105448755329824
0.04310344827586207 0.033558528673190556
0.04310344827586207 0.03230843840130773
0.04310344827586207 0.031495683573840846
0.04310344827586207 0.03171637478098289
0.04310344827586207 0.032346257068439944
0.04310344827586207 0.0327294297642967
0.04310344827586207 0.03088032434099046
0.04310344827586207 0.033385018362250975
0.04310344827586207 0.034046344644336674
0.04310344827586207 0.03239452559344577
0.04310344827586207 0.0284187903641171
0.04310344827586207 0.028210305659657212
0.04310344827586207 0.028415281568907814
0.04310344827586207 0.03374813789973705
0.04310344827586207 0.031284426878655645
0.04310344827586207 0.034277319868379716
0.04310344827586207 0.03255180124930792
0.04310344827586207 0.03501703971467179
0.04310344827586207 0.031314259267427515
0.04504504504504505 0.03208444276951989
0.04504504504504505 0.02833718015521365
0.04504504504504505 0.029329312208575663
0.04504504504504505 0.03227706471765421
0.04504504504504505 0.029792488650693286
0.04504504504504505 0.02628160288784125
0.04504504504504505 0.026232674172399353
0.04504504504504505 0.03141210099248322
0.04504504504504505 0.030867525424301386
0.04504504504504505 0.02887501028876546
0.04504504504504505 0.0277951482214228
0.04504504504504505 0.027982045222505966
0.04504504504504505 0.02834935865504097
0.04504504504504505 0.02650472938313075
0.04504504504504505 0.025438554770466273
0.04504504504504505 0.02108134964829221
0.04504504504504505 0.021303278381147362
0.04504504504504505 0.02057297631452013
0.04504504504504505 0.024550119717724014
0.04504504504504505 0.027629629822237413
0.04504504504504505 0.03136695417551381
0.04504504504504505 0.03660514564061923
0.04504504504504505 0.03569486438700405
0.04504504504504505 0.034467756436582266
0.04504504504504505 0.035446733016291275
0.04504504504504505 0.031438249026926754
0.04504504504504505 0.03309951789300351
0.04504504504504505 0.03577183467376041
0.04504504504504505 0.03200681416688224
0.04587155963302752 0.031686802558328585
0.04587155963302752 0.03343345894362491
0.04587155963302752 0.032485218646753855
0.04587155963302752 0.02818322446524216
0.04587155963302752 0.031934018365276304
0.04587155963302752 0.03411559244880953
0.04587155963302752 0.03218022679388418
0.04587155963302752 0.03483069099731761
0.04587155963302752 0.032643607285526274
0.04587155963302752 0.03273545279076616
0.04587155963302752 0.030598048888181156
0.04587155963302752 0.027194492557895654
0.04587155963302752 0.03094753877327594
0.04587155963302752 0.0340632065024394
0.04587155963302752 0.035655094071220236
0.04587155963302752 0.03159754545616333
0.04587155963302752 0.0306890347639209
0.04587155963302752 0.026725525182665338
0.04587155963302752 0.027290440428023234
0.04587155963302752 0.029597933144073673
0.04587155963302752 0.03323553643374651
0.04587155963302752 0.03089120990784997
0.04587155963302752 0.030619549314454323
0.04587155963302752 0.031718371422499045
0.04587155963302752 0.032637899642040134
0.04587155963302752 0.0276024690827069
0.04587155963302752 0.030469106957147864
0.04587155963302752 0.031056868210760494
0.04587155963302752 0.028069942379851158
0.04587155963302752 0.03274234939034494
0.04587155963302752 0.032491728677855825
0.04587155963302752 0.034401631112877896
0.04587155963302752 0.031073885376017584
0.04587155963302752 0.033914962912433705
0.04587155963302752 0.03395952303456169
0.04587155963302752 0.03376538334695366
0.04587155963302752 0.03538776136723181
0.04587155963302752 0.03558462730657907
0.04587155963302752 0.03305449801843276
0.04587155963302752 0.03398066591430633
0.04587155963302752 0.03701064611282768
0.04587155963302752 0.03390079108875477
0.04587155963302752 0.03506589821939843
0.04587155963302752 0.03459241644819854
0.04587155963302752 0.031114894908456994
0.04587155963302752 0.03265963587878932
0.04587155963302752 0.03557404342394625
0.04587155963302752 0.028591171035517077
0.04587155963302752 0.03485272027137266
0.04587155963302752 0.038160592124220884
0.04587155963302752 0.03439507566041973
0.04587155963302752 0.03943170483178624
0.04587155963302752 0.03760292320998189
0.04587155963302752 0.03673375637906848
0.04587155963302752 0.03731954522566542
0.04587155963302752 0.03569186326105608
0.04587155963302752 0.031918323105151115
0.04587155963302752 0.03193017508273451
0.04587155963302752 0.03168686978757464
0.04587155963302752 0.03211037187737456
0.04587155963302752 0.03510055671642622
0.04587155963302752 0.035954455283839594
0.04587155963302752 0.0372350575749372
0.04587155963302752 0.037984230520935656
0.04587155963302752 0.03906456270918152
0.04587155963302752 0.037175226244178204
0.04587155963302752 0.03301565220540501
0.04672897196261683 0.03376312201973257
0.04672897196261683 0.0336471012742115
0.04672897196261683 0.033688590446560245
0.04672897196261683 0.03591902934627039
0.04672897196261683 0.03562137566854706
0.04672897196261683 0.03300068502043689
0.04672897196261683 0.035114782764120875
0.04672897196261683 0.03579897825862362
0.04672897196261683 0.03257145460660318
0.04672897196261683 0.030770015959244813
0.04672897196261683 0.033064842324949266
0.04672897196261683 0.033448329875174654
0.04672897196261683 0.03422505439154317
0.04672897196261683 0.02993433422554795
0.04672897196261683 0.028309582017187716
0.04672897196261683 0.031618348123279245
0.04672897196261683 0.03297473756836155
0.04672897196261683 0.030580120709853897
0.04672897196261683 0.028719368937875123
0.04672897196261683 0.02948927964024538
0.04672897196261683 0.031852664976825165
0.04672897196261683 0.033341886372740555
0.04672897196261683 0.03574529342011858
0.04672897196261683 0.03409118791269612
0.04672897196261683 0.03319484256686225
0.04672897196261683 0.036141719714003845
0.04672897196261683 0.03594065104343003
0.04672897196261683 0.03258058496026118
0.04672897196261683 0.035263330848537264
0.04672897196261683 0.03260293841025512
0.04672897196261683 0.03509569349451342
0.04672897196261683 0.03511116284119303
0.04672897196261683 0.03773649643936895
0.04672897196261683 0.03555006359796613
0.04672897196261683 0.033521692501076866
0.04672897196261683 0.036626164328315655
0.04672897196261683 0.03639195991904307
0.04672897196261683 0.0318633850638913
0.04672897196261683 0.03269044839464125
0.04672897196261683 0.031916341833305564
0.04672897196261683 0.032792735184065495
0.04672897196261683 0.02845340356421502
0.04672897196261683 0.035422363632297636
0.04672897196261683 0.03656169350773744
0.04672897196261683 0.03436545461561439
0.04672897196261683 0.035904512803134225
0.04672897196261683 0.03522518480145566
0.04672897196261683 0.03793791037830053
0.04672897196261683 0.03715404441035217
0.04672897196261683 0.03996477049295625
0.04672897196261683 0.03980324756079441
0.04672897196261683 0.034507969405334564
0.04672897196261683 0.034767998744907255
0.04672897196261683 0.037223084727495255
0.04672897196261683 0.03374704262557058
0.04672897196261683 0.03575348487185445
0.04672897196261683 0.0369661887745177
0.04672897196261683 0.03737890547113033
0.04672897196261683 0.03789718428184293
0.04672897196261683 0.03441934971421499
0.04672897196261683 0.03863734048050732
0.04672897196261683 0.03770373679538377
0.04672897196261683 0.036615353760345144
0.04672897196261683 0.03387251388066331
0.04672897196261683 0.0345093286956414
0.04672897196261683 0.03314635304415513
0.04672897196261683 0.0324903954136418
0.04672897196261683 0.03361461292755031
0.04672897196261683 0.031178611724615307
0.04672897196261683 0.03027217482434127
0.04672897196261683 0.03049615052856372
0.04672897196261683 0.03067713863133991
0.04672897196261683 0.028620455683085664
0.04672897196261683 0.03283424730602726
0.04672897196261683 0.03505442259451744
0.04672897196261683 0.03418102350922552
0.04672897196261683 0.03247846144039974
0.04672897196261683 0.03447571718862049
0.04672897196261683 0.03329094605491974
0.04672897196261683 0.03360586228137768
0.04672897196261683 0.0344000432993551
0.04672897196261683 0.031910878827625576
0.04672897196261683 0.03312155431554636
0.04672897196261683 0.033075286811143016
0.04672897196261683 0.03485598147743672
0.04672897196261683 0.03691947794869928
0.04672897196261683 0.03568323949727223
0.04672897196261683 0.03687175701582987
0.04672897196261683 0.03514886506845767
0.04672897196261683 0.034329773814879505
0.04672897196261683 0.033767105273019994
0.04672897196261683 0.03185032112353383
0.04672897196261683 0.030051852469700473
0.04672897196261683 0.031811356144415964
0.04672897196261683 0.033215566583821465
0.04672897196261683 0.03202032320409906
0.04672897196261683 0.03263593574289222
0.04672897196261683 0.03434088611827191
0.04672897196261683 0.035918817416213014
0.04672897196261683 0.032216220886039905
0.04672897196261683 0.03526802022467939
0.04672897196261683 0.03666884105793005
0.04672897196261683 0.0314407375534676
0.04672897196261683 0.0379519175275687
0.04672897196261683 0.034907206888846874
0.04672897196261683 0.03668507452522658
0.04672897196261683 0.03632657335563959
0.04672897196261683 0.03182823947492749
0.04672897196261683 0.02858989000402426
0.04672897196261683 0.030928847261146284
0.04672897196261683 0.031196759999657542
0.04672897196261683 0.03073112373075363
0.04672897196261683 0.03463160751470396
0.04672897196261683 0.03251819567570875
0.04672897196261683 0.03201893809226949
0.04672897196261683 0.03317128690161924
0.04672897196261683 0.02859864823641997
0.04672897196261683 0.02842265547786512
0.04672897196261683 0.030083565092502824
0.04672897196261683 0.03128281222116429
0.04672897196261683 0.033220003700373514
0.04672897196261683 0.03208308105481658
0.04672897196261683 0.03131330360811241
0.04672897196261683 0.03326711519660282
0.04672897196261683 0.032536289207469454
0.04672897196261683 0.030395224131627117
0.04672897196261683 0.029821180454525656
0.04672897196261683 0.029680097344264408
0.04672897196261683 0.030506170128375556
0.04807692307692307 0.03258665796661944
0.04807692307692307 0.03301421812118362
0.04807692307692307 0.032520581152712606
0.04807692307692307 0.032167887313232266
0.1111111111111111 0.03162826823098087
0.1111111111111111 0.03460771088519828
0.1111111111111111 0.03177017908816627
0.1111111111111111 0.04554296190209194
0.1111111111111111 0.053169395800407346
0.1111111111111111 0.0605890864991285
0.1111111111111111 0.06997652052902013
0.1111111111111111 0.07720991155299214
0.1111111111111111 0.07701417740864533
0.1111111111111111 0.08250050223885812
0.1111111111111111 0.07999057664429345
0.1111111111111111 0.06936535518361225
0.1111111111111111 0.07921383851007412
0.1111111111111111 0.08099379507970791
0.1111111111111111 0.08414353461817668
0.1111111111111111 0.06735262701490115
0.1111111111111111 0.06958913088892801
0.1111111111111111 0.06974276735748873
0.1111111111111111 0.06401075561221456
0.1111111111111111 0.06293007650010621
0.1111111111111111 0.06907842485436017
0.1111111111111111 0.07239757219151723
0.1111111111111111 0.07827631774237132
0.1111111111111111 0.08881306747922593
0.1111111111111111 0.09094639728782479
0.1111111111111111 0.0812016394113051
0.1111111111111111 0.07792243530726725
0.1111111111111111 0.07785640330067764
0.1111111111111111 0.07350811691431021
0.1111111111111111 0.07182308003187357
0.1111111111111111 0.07672377866672249
0.1111111111111111 0.0776817222847228
0.1111111111111111 0.06540249770384474
0.1111111111111111 0.07721011328909529
0.1111111111111111 0.0742491930375059
0.1111111111111111 0.07351577646720968
0.1111111111111111 0.07286206856530979
0.1111111111111111 0.08003088168975324
0.1111111111111111 0.07402341000632204
0.1111111111111111 0.07502934843633714
0.1111111111111111 0.07866989456191986
0.1111111111111111 0.07470975934139079
0.1111111111111111 0.0702399287958419
0.1111111111111111 0.08204256234120068
0.1111111111111111 0.0731850999882906
0.1111111111111111 0.07840302676200332
0.1111111111111111 0.07295502781866538
0.1111111111111111 0.08040172119820381
0.1111111111111111 0.08644492902100268
0.1111111111111111 0.08556322799567036
0.1111111111111111 0.08228068261302811
0.1111111111111111 0.07795041125353729
0.1111111111111111 0.07488088162910062
0.1111111111111111 0.07843340012611187
0.1111111111111111 0.08667359430881771
0.1111111111111111 0.08330877877802466
0.1111111111111111 0.08627271674879727
0.1111111111111111 0.09715776367563603
0.1111111111111111 0.08549199977127418
0.1111111111111111 0.08251705461443665
0.1111111111111111 0.07173033593708361
0.1111111111111111 0.07203584858481644
0.1111111111111111 0.08458584834677624
0.1111111111111111 0.08420424697285867
0.1111111111111111 0.07158956611250725
0.1111111111111111 0.07751359070231303
0.1111111111111111 0.08891363345162993
0.1111111111111111 0.0811734366394486
0.1111111111111111 0.08040273323099847
0.1111111111111111 0.08867861142226184
0.1111111111111111 0.08101398599413542
0.1111111111111111 0.0811283658546812
0.1111111111111111 0.08740081294109134
0.1111111111111111 0.08790167797968086
0.1111111111111111 0.07613525944526371
0.1111111111111111 0.08969077925521822
0.1111111111111111 0.07172309149760109
0.1111111111111111 0.07483439325873956
0.1111111111111111 0.07239572534681661
0.1111111111111111 0.08776397183367426
0.1111111111111111 0.07245185149428328
0.1111111111111111 0.07260173071874966
0.1111111111111111 0.08243390914081677
0.1111111111111111 0.07877802203235898
0.1111111111111111 0.06513215330692426
0.1111111111111111 0.08165552266929851
0.1111111111111111 0.06415198157300167
