4411.0 11202.774647887323
4411.0 10001.316831683169
4411.0 9508.960396039603
4411.0 9000.564356435643
4411.0 8748.29702970297
3909.0 8504.554455445545
1995.0 7188.3564356435645
1615.0 5861.217821782178
1615.0 5501.3861386138615
1615.0 4569.693069306931
2333.0 4519.148514851485
2333.0 4027.6039603960394
2333.0 3512.930693069307
1614.0 3330.1188118811883
1614.0 2890.1881188118814
1614.0 2727.5148514851485
1614.0 2354.7425742574255
1229.0 2206.633663366337
1229.0 2205.831683168317
1229.0 2019.8613861386139
1082.0 2140.940594059406
1082.0 1780.8217821782177
970.0 1839.2376237623762
970.0 1501.3861386138615
681.0 1535.6732673267327
681.0 1725.1782178217823
773.0 2025.4752475247524
773.0 1794.8415841584158
773.0 1670.6732673267327
773.0 1497.5049504950496
773.0 1595.6237623762377
773.0 1441.1782178217823
650.0 1438.6138613861385
500.0 1454.2277227722773
485.0 1419.4257425742574
485.0 1750.1881188118812
485.0 1528.2277227722773
459.0 1690.8019801980197
461.0 1319.4752475247524
461.0 1688.019801980198
461.0 1817.930693069307
461.0 1155.6039603960396
461.0 1232.7128712871288
461.0 1348.6930693069307
461.0 1685.8415841584158
461.0 1562.8613861386139
461.0 1383.7722772277227
461.0 1321.7227722772277
461.0 1442.2475247524753
461.0 1569.8613861386139
461.0 1435.4356435643565
461.0 1539.1089108910892
461.0 1338.1881188118812
461.0 1217.9108910891089
461.0 1313.2376237623762
461.0 987.7029702970297
461.0 1264.09900990099
461.0 1186.6039603960396
328.0 963.4158415841584
328.0 1214.5841584158416
328.0 940.4950495049505
328.0 1125.7029702970297
328.0 821.6732673267327
328.0 977.6732673267327
328.0 994.4257425742575
328.0 917.2871287128713
328.0 815.9108910891089
328.0 1009.1386138613861
328.0 1179.7227722772277
328.0 1024.019801980198
328.0 813.5148514851485
328.0 1089.2673267326732
328.0 1162.5049504950496
328.0 1314.3069306930693
328.0 1283.4554455445545
328.0 1131.049504950495
328.0 1089.049504950495
328.0 1159.2277227722773
328.0 1097.5148514851485
328.0 850.1089108910891
328.0 646.8910891089109
328.0 1001.1980198019802
328.0 1185.5841584158416
328.0 1034.990099009901
328.0 1018.6633663366337
328.0 920.9207920792079
328.0 1028.7623762376238
328.0 975.1980198019802
328.0 939.1485148514852
328.0 943.4257425742575
328.0 991.1485148514852
328.0 1024.3267326732673
328.0 1134.3267326732673
328.0 1101.118811881188
239.0 1269.8613861386139
239.0 1155.3960396039604
239.0 1068.5346534653465
239.0 711.7029702970297
239.0 661.4653465346535
239.0 1004.5148514851485
239.0 712.8811881188119
239.0 1166.3762376237623
239.0 1163.7722772277227
239.0 1404.9108910891089
239.0 1398.8910891089108
239.0 819.1881188118812
239.0 913.4257425742575
239.0 1157.2772277227723
239.0 947.8811881188119
239.0 1040.019801980198
239.0 1437.2970297029703
239.0 1448.990099009901
239.0 1743.90099009901
239.0 1265.3069306930693
239.0 1135.6138613861385
239.0 1328.9405940594058
239.0 1069.3069306930693
239.0 1047.6237623762377
222.0 917.6633663366337
222.0 1115.7920792079208
222.0 1179.148514851485
222.0 1106.7722772277227
222.0 1209.1386138613861
222.0 1072.2475247524753
222.0 1418.9405940594058
222.0 1457.8217821782177
222.0 1224.2673267326732
222.0 956.2673267326733
222.0 1229.90099009901
222.0 998.5544554455446
222.0 791.950495049505
222.0 636.6336633663366
222.0 863.2079207920792
222.0 805.7326732673267
222.0 779.1782178217821
222.0 811.7623762376238
222.0 1008.5247524752475
222.0 1001.2970297029703
222.0 1274.1386138613861
222.0 1287.118811881188
222.0 979.039603960396
222.0 901.7029702970297
222.0 940.7821782178218
222.0 1002.7326732673267
222.0 940.7029702970297
221.0 651.4158415841584
221.0 862.2970297029703
221.0 959.960396039604
221.0 1138.4059405940593
221.0 983.2079207920792
221.0 784.1485148514852
221.0 772.5742574257425
221.0 959.1386138613861
221.0 743.2376237623762
221.0 728.1287128712871
221.0 1033.881188118812
221.0 887.8415841584158
221.0 974.2178217821782
221.0 1078.069306930693
221.0 956.7029702970297
153.0 846.1386138613861
153.0 970.1089108910891
153.0 638.039603960396
153.0 753.7227722772277
153.0 900.3861386138614
153.0 1065.5346534653465
153.0 1047.2475247524753
153.0 776.2475247524752
153.0 979.7524752475248
153.0 1116.4059405940593
153.0 943.5841584158416
153.0 1173.6039603960396
153.0 1204.990099009901
153.0 764.6732673267327
153.0 757.1980198019802
153.0 934.3564356435644
153.0 908.9108910891089
153.0 787.8415841584158
153.0 1096.118811881188
153.0 871.980198019802
153.0 971.4356435643564
153.0 932.2079207920792
153.0 1178.6732673267327
153.0 763.019801980198
153.0 930.6435643564356
153.0 908.2178217821782
153.0 1078.7425742574258
153.0 752.7524752475248
153.0 742.7029702970297
153.0 1277.960396039604
153.0 1043.8712871287128
153.0 1189.7722772277227
153.0 1440.2871287128712
153.0 1426.851485148515
153.0 993.1782178217821
153.0 1119.4059405940593
152.0 747.1188118811881
152.0 994.6633663366337
152.0 922.4356435643564
152.0 1157.079207920792
152.0 879.6732673267327
152.0 983.1089108910891
152.0 899.7425742574258
152.0 948.6435643564356
152.0 1071.1980198019803
152.0 1030.7524752475247
152.0 1051.0
152.0 949.2376237623762
152.0 857.7029702970297
152.0 866.5841584158416
152.0 956.1386138613861
152.0 914.059405940594
152.0 893.4356435643564
152.0 683.0693069306931
152.0 837.1782178217821
152.0 854.7524752475248
152.0 960.5346534653465
152.0 1118.8910891089108
152.0 1019.1683168316831
152.0 791.1089108910891
152.0 895.8217821782179
152.0 681.6039603960396
152.0 1249.0
152.0 922.3663366336634
152.0 776.8910891089109
152.0 853.6831683168317
152.0 938.3564356435644
152.0 990.019801980198
152.0 927.7425742574258
152.0 629.039603960396
152.0 879.8811881188119
152.0 984.0792079207921
152.0 869.4059405940594
152.0 1063.5049504950496
152.0 684.8019801980198
152.0 750.3762376237623
152.0 1244.2574257425742
152.0 1200.6930693069307
152.0 1002.6336633663366
152.0 949.3465346534654
152.0 989.2574257425742
152.0 833.1683168316831
152.0 910.7524752475248
152.0 987.8712871287129
152.0 1014.1980198019802
152.0 1044.8217821782177
152.0 751.6930693069307
152.0 982.1188118811881
152.0 1117.2178217821781
152.0 1011.5940594059406
152.0 885.6138613861386
152.0 1049.4455445544554
152.0 823.6732673267327
152.0 735.2475247524752
152.0 917.8019801980198
152.0 1003.2673267326733
152.0 827.4554455445544
152.0 815.7029702970297
139.0 728.0792079207921
139.0 788.2079207920792
139.0 749.4257425742575
139.0 845.1683168316831
139.0 836.5445544554456
139.0 836.8316831683169
139.0 939.1980198019802
139.0 1078.5742574257426
139.0 806.8118811881188
139.0 882.1782178217821
139.0 801.950495049505
139.0 1027.3762376237623
139.0 1148.6237623762377
139.0 835.2376237623762
139.0 859.4950495049505
139.0 604.7623762376238
134.0 867.7722772277227
134.0 931.4950495049505
134.0 1175.1683168316831
134.0 1172.0891089108911
134.0 1313.5544554455446
134.0 1325.920792079208
134.0 1087.8910891089108
134.0 1148.118811881188
134.0 1012.0891089108911
134.0 983.5940594059406
134.0 885.8712871287129
134.0 1141.881188118812
134.0 1189.5643564356435
134.0 1114.0
134.0 1180.1584158415842
134.0 952.2079207920792
134.0 1280.2772277227723
134.0 956.7623762376238
134.0 821.1089108910891
134.0 716.7623762376238
134.0 693.059405940594
134.0 1073.148514851485
134.0 953.990099009901
134.0 779.5940594059406
134.0 979.2970297029703
134.0 691.6633663366337
134.0 1034.2970297029703
134.0 1033.0891089108911
134.0 1216.2871287128712
134.0 1258.7623762376238
134.0 1183.8217821782177
134.0 1307.09900990099
134.0 985.0297029702971
134.0 561.8910891089109
134.0 739.6435643564356
134.0 823.6930693069307
134.0 1235.3267326732673
134.0 978.1683168316831
134.0 679.6930693069307
134.0 1008.1683168316831
134.0 1023.5940594059406
134.0 922.1782178217821
134.0 530.8118811881188
134.0 622.8613861386139
134.0 707.7821782178218
134.0 1217.049504950495
134.0 890.7029702970297
134.0 833.6237623762377
134.0 719.6633663366337
134.0 726.2772277227723
134.0 603.0693069306931
134.0 723.039603960396
134.0 765.6435643564356
134.0 839.2376237623762
134.0 848.7524752475248
134.0 883.2475247524752
134.0 1111.960396039604
134.0 1183.970297029703
134.0 1094.4752475247524
134.0 898.0297029702971
134.0 1338.9405940594058
134.0 1359.960396039604
134.0 1329.079207920792
134.0 787.0792079207921
134.0 840.1782178217821
134.0 1031.1782178217823
134.0 1185.3564356435643
134.0 714.2277227722773
134.0 838.0693069306931
134.0 1148.2475247524753
134.0 1086.8316831683169
134.0 669.9702970297029
134.0 803.2772277227723
134.0 501.83168316831683
134.0 550.1287128712871
134.0 582.4158415841584
134.0 663.3168316831683
134.0 902.3168316831683
134.0 876.5742574257425
134.0 1533.3069306930693
134.0 1343.4554455445545
134.0 992.2376237623762
127.0 847.7425742574258
127.0 729.8118811881188
127.0 832.7821782178218
127.0 796.9009900990098
127.0 858.5742574257425
127.0 780.8217821782179
127.0 1144.3564356435643
127.0 846.8217821782179
127.0 685.6138613861386
127.0 851.2871287128713
127.0 918.4653465346535
127.0 1196.5148514851485
127.0 782.7722772277227
127.0 846.5643564356436
127.0 711.7821782178218
127.0 666.2574257425742
127.0 808.4752475247525
127.0 787.4554455445544
127.0 820.960396039604
127.0 892.960396039604
127.0 942.4158415841584
127.0 836.4158415841584
127.0 809.8514851485148
127.0 841.0990099009902
127.0 968.7623762376238
127.0 772.3663366336634
127.0 907.7821782178218
127.0 901.0297029702971
127.0 965.4950495049505
127.0 850.8415841584158
127.0 945.2673267326733
127.0 612.990099009901
127.0 929.6237623762377
127.0 753.4554455445544
127.0 870.3465346534654
127.0 756.7227722772277
127.0 737.8613861386139
127.0 477.0693069306931
127.0 1021.3069306930693
127.0 1110.6534653465346
127.0 872.3960396039604
127.0 593.6732673267327
127.0 887.4059405940594
127.0 789.1782178217821
127.0 1058.6237623762377
127.0 879.2178217821782
127.0 927.0
127.0 1139.7524752475247
127.0 855.2376237623762
127.0 969.3861386138614
127.0 854.6732673267327
127.0 660.7821782178218
127.0 744.8217821782179
127.0 613.5247524752475
127.0 796.4851485148515
127.0 801.5148514851485
127.0 959.8811881188119
127.0 827.6336633663366
127.0 701.6831683168317
127.0 676.6633663366337
127.0 804.019801980198
127.0 892.5346534653465
127.0 764.8712871287129
127.0 770.5049504950495
128.0 873.7722772277227
128.0 941.940594059406
128.0 900.9702970297029
128.0 891.4950495049505
128.0 1208.8712871287128
128.0 1016.2079207920792
128.0 1185.4554455445545
128.0 1319.7920792079208
128.0 1385.3861386138615
128.0 1063.5544554455446
128.0 1034.8118811881188
128.0 902.2178217821782
128.0 893.1683168316831
128.0 683.7524752475248
128.0 964.960396039604
128.0 1334.930693069307
128.0 989.1287128712871
128.0 970.3069306930693
128.0 1048.7920792079208
128.0 1127.6435643564357
128.0 900.8613861386139
128.0 623.9306930693069
128.0 922.4455445544554
128.0 1115.7029702970297
128.0 1065.6138613861385
128.0 677.7326732673267
128.0 990.2178217821782
128.0 850.6039603960396
128.0 552.9702970297029
128.0 704.1485148514852
128.0 987.5940594059406
128.0 997.4356435643564
128.0 1366.930693069307
128.0 1345.5742574257426
128.0 817.7623762376238
128.0 845.980198019802
128.0 999.7029702970297
128.0 964.4356435643564
128.0 1069.5148514851485
128.0 1057.6435643564357
128.0 716.4851485148515
128.0 685.3267326732673
128.0 819.8415841584158
128.0 1118.7128712871288
128.0 945.2772277227723
128.0 924.0792079207921
128.0 921.3465346534654
128.0 1301.960396039604
128.0 706.2574257425742
128.0 878.0891089108911
128.0 733.3564356435644
128.0 972.9306930693069
128.0 1107.8019801980197
128.0 804.2673267326733
128.0 648.6138613861386
128.0 955.2574257425742
128.0 935.5247524752475
128.0 1081.8118811881188
128.0 1282.970297029703
128.0 1142.960396039604
128.0 1107.7524752475247
128.0 1170.029702970297
128.0 951.940594059406
128.0 1015.1980198019802
128.0 1422.009900990099
128.0 1151.6039603960396
128.0 1104.6237623762377
128.0 1107.5841584158416
128.0 951.8613861386139
128.0 1060.6336633663366
128.0 1017.1386138613861
128.0 872.0891089108911
128.0 741.8217821782179
128.0 576.7920792079208
126.0 520.4554455445544
126.0 678.4455445544554
126.0 1247.3663366336634
126.0 1121.8118811881188
126.0 985.5247524752475
126.0 989.3564356435644
126.0 1041.4158415841584
126.0 902.019801980198
126.0 960.4554455445544
126.0 861.5049504950495
126.0 812.1782178217821
126.0 1039.5247524752476
126.0 1290.4059405940593
126.0 799.5940594059406
126.0 1064.1881188118812
126.0 1203.3861386138615
126.0 1265.069306930693
126.0 1207.4356435643565
126.0 1291.5940594059407
126.0 1268.4554455445545
126.0 1070.4851485148515
126.0 947.3663366336634
126.0 888.7227722772277
126.0 1187.1881188118812
126.0 818.2376237623762
126.0 839.3960396039604
126.0 952.9207920792079
126.0 1110.2871287128712
126.0 1087.930693069307
126.0 937.2475247524752
126.0 982.7623762376238
126.0 815.2475247524752
126.0 847.1485148514852
126.0 757.1980198019802
126.0 704.8811881188119
126.0 597.1881188118812
126.0 792.3960396039604
126.0 1252.009900990099
126.0 760.049504950495
126.0 683.3564356435644
126.0 858.8019801980198
126.0 727.980198019802
126.0 722.7524752475248
126.0 968.1386138613861
126.0 1026.3168316831684
126.0 648.6732673267327
126.0 1013.4257425742575
126.0 973.039603960396
126.0 873.1188118811881
126.0 744.4554455445544
126.0 1340.049504950495
126.0 1192.3465346534654
126.0 1007.8811881188119
126.0 927.4059405940594
126.0 883.009900990099
126.0 736.9108910891089
126.0 828.7425742574258
126.0 1027.4059405940593
126.0 873.1386138613861
126.0 908.2277227722773
126.0 923.990099009901
126.0 1241.2772277227723
126.0 933.980198019802
126.0 696.4851485148515
126.0 758.7128712871287
126.0 1080.8613861386139
126.0 1333.4455445544554
126.0 1043.980198019802
126.0 787.1188118811881
126.0 588.8514851485148
126.0 810.4950495049505
126.0 851.059405940594
126.0 840.2574257425742
126.0 952.7623762376238
126.0 903.0990099009902
126.0 1074.3663366336634
126.0 766.7623762376238
126.0 878.980198019802
126.0 838.049504950495
126.0 829.8712871287129
126.0 911.4257425742575
126.0 1000.4257425742575
126.0 942.7326732673267
126.0 729.7920792079208
126.0 912.5940594059406
126.0 768.4950495049505
126.0 737.2772277227723
126.0 975.1188118811881
126.0 1015.8910891089109
126.0 807.950495049505
126.0 607.2376237623762
126.0 778.9207920792079
126.0 808.1188118811881
126.0 845.6732673267327
126.0 1144.039603960396
126.0 912.5148514851485
126.0 1004.1485148514852
126.0 1173.2574257425742
126.0 1166.3960396039604
126.0 937.2178217821782
126.0 956.2475247524752
126.0 1116.1386138613861
126.0 1014.5841584158416
126.0 1073.5544554455446
126.0 1120.6039603960396
126.0 1215.5148514851485
126.0 957.5643564356436
126.0 926.4059405940594
126.0 776.6138613861386
126.0 629.8316831683169
126.0 762.4752475247525
126.0 767.7722772277227
126.0 669.7524752475248
126.0 855.5247524752475
126.0 721.3168316831683
126.0 1005.3267326732673
126.0 865.6039603960396
126.0 1103.2970297029703
126.0 1038.7425742574258
126.0 956.0891089108911
126.0 1109.0594059405942
126.0 774.1287128712871
126.0 988.7623762376238
126.0 639.039603960396
126.0 712.960396039604
126.0 1003.1089108910891
126.0 571.960396039604
126.0 789.6039603960396
126.0 1006.049504950495
126.0 1168.4356435643565
126.0 1044.5643564356435
126.0 1070.5742574257426
126.0 759.1683168316831
126.0 1039.5940594059407
126.0 800.7623762376238
126.0 1148.8316831683169
126.0 1075.5841584158416
126.0 846.9207920792079
126.0 1305.4950495049504
97.0 718.3564356435644
97.0 1080.6732673267327
97.0 855.2475247524752
97.0 869.2277227722773
97.0 968.1980198019802
97.0 954.3663366336634
97.0 905.2277227722773
97.0 1116.069306930693
97.0 1009.6336633663366
97.0 1153.2673267326732
97.0 810.9702970297029
97.0 968.2475247524752
97.0 1124.3069306930693
97.0 970.4059405940594
97.0 616.4356435643564
97.0 599.3465346534654
97.0 1011.7920792079208
97.0 961.8712871287129
97.0 1139.851485148515
97.0 745.2376237623762
97.0 564.3267326732673
97.0 1263.960396039604
97.0 1188.9405940594058
97.0 934.1782178217821
97.0 933.9702970297029
97.0 751.3564356435644
97.0 1114.5841584158416
97.0 1122.3069306930693
97.0 916.2871287128713
97.0 1071.6336633663366
97.0 878.6336633663366
97.0 1019.7227722772277
97.0 621.4455445544554
97.0 812.1782178217821
97.0 776.990099009901
97.0 716.5544554455446
97.0 1045.7128712871288
97.0 631.9306930693069
97.0 959.049504950495
97.0 1003.2178217821782
97.0 880.2277227722773
95.0 767.8712871287129
95.0 991.1089108910891
95.0 950.7920792079208
95.0 1150.6336633663366
95.0 961.8910891089109
95.0 771.4257425742575
95.0 961.5247524752475
95.0 1233.3564356435643
95.0 991.4950495049505
95.0 820.7326732673267
95.0 883.8811881188119
95.0 1304.8613861386139
95.0 1260.4257425742574
95.0 947.6435643564356
95.0 1210.1287128712872
95.0 835.3663366336634
95.0 683.9306930693069
95.0 691.8811881188119
95.0 1052.8316831683169
95.0 848.9108910891089
95.0 915.5643564356436
95.0 752.1386138613861
95.0 449.7227722772277
95.0 822.4752475247525
95.0 711.990099009901
95.0 735.009900990099
95.0 965.9306930693069
95.0 954.7821782178218
95.0 1280.6435643564357
95.0 998.6237623762377
95.0 864.6732673267327
95.0 696.8415841584158
95.0 911.039603960396
95.0 1234.3465346534654
95.0 1210.3960396039604
95.0 1211.148514851485
95.0 1034.2277227722773
95.0 809.3960396039604
95.0 1144.1980198019803
95.0 1110.5049504950496
95.0 1059.5445544554455
95.0 988.6633663366337
95.0 766.9108910891089
95.0 654.8415841584158
95.0 880.7623762376238
95.0 476.51485148514854
95.0 729.4554455445544
95.0 814.7029702970297
95.0 1018.7722772277227
95.0 686.8415841584158
95.0 802.960396039604
95.0 1520.6930693069307
95.0 955.4455445544554
95.0 834.5940594059406
95.0 699.2772277227723
95.0 949.4950495049505
95.0 809.8415841584158
95.0 1089.3069306930693
95.0 1015.4455445544554
95.0 927.4356435643564
95.0 817.059405940594
95.0 714.8613861386139
95.0 718.7524752475248
95.0 686.6336633663366
95.0 803.0297029702971
95.0 936.6831683168317
95.0 759.7326732673267
95.0 685.8019801980198
95.0 654.0
95.0 428.2970297029703
95.0 834.1683168316831
95.0 811.9009900990098
95.0 710.7326732673267
95.0 1000.6039603960396
95.0 1075.4356435643565
95.0 926.5247524752475
95.0 884.2970297029703
95.0 845.1782178217821
95.0 1039.079207920792
95.0 993.009900990099
95.0 1015.6336633663366
95.0 1056.1683168316831
95.0 801.059405940594
95.0 694.5940594059406
95.0 796.6633663366337
95.0 887.7722772277227
95.0 730.4257425742575
95.0 854.7821782178218
95.0 1161.9405940594058
95.0 1310.7128712871288
95.0 639.9306930693069
95.0 635.4059405940594
95.0 1040.0594059405942
95.0 880.3663366336634
95.0 762.7821782178218
95.0 717.2871287128713
95.0 795.940594059406
95.0 807.5148514851485
95.0 1202.960396039604
95.0 1051.0
95.0 887.8415841584158
95.0 927.950495049505
95.0 795.4455445544554
95.0 929.1683168316831
95.0 719.1089108910891
95.0 726.2178217821782
95.0 769.3960396039604
95.0 830.3267326732673
95.0 766.059405940594
95.0 877.950495049505
95.0 1094.2376237623762
95.0 1010.4653465346535
95.0 862.960396039604
95.0 1014.4455445544554
95.0 664.3267326732673
95.0 933.3366336633663
95.0 857.8811881188119
95.0 785.3465346534654
95.0 1056.0
95.0 1279.990099009901
95.0 729.0990099009902
95.0 924.5940594059406
95.0 1023.5544554455446
95.0 1138.019801980198
95.0 1412.881188118812
95.0 1011.7425742574258
95.0 827.5742574257425
95.0 795.5940594059406
95.0 714.8019801980198
95.0 1029.6831683168316
95.0 953.0297029702971
95.0 880.7128712871287
95.0 586.5445544554456
95.0 1150.0891089108911
95.0 1068.970297029703
95.0 1206.8019801980197
95.0 810.5841584158416
95.0 824.4752475247525
95.0 1027.029702970297
95.0 866.980198019802
95.0 884.4950495049505
95.0 1114.049504950495
95.0 753.5544554455446
95.0 732.6930693069307
95.0 850.4752475247525
95.0 1098.1584158415842
95.0 964.1980198019802
95.0 931.4455445544554
95.0 796.4950495049505
95.0 767.4158415841584
95.0 645.5346534653465
95.0 691.1683168316831
95.0 771.4554455445544
95.0 716.3762376237623
95.0 733.1782178217821
95.0 1105.950495049505
95.0 1028.009900990099
95.0 1018.3366336633663
95.0 731.6930693069307
95.0 807.7623762376238
95.0 760.8217821782179
95.0 818.4950495049505
95.0 583.8514851485148
95.0 781.5544554455446
95.0 925.0297029702971
95.0 693.6930693069307
95.0 1013.5247524752475
95.0 611.0
95.0 750.3465346534654
95.0 924.9009900990098
95.0 731.1881188118812
95.0 856.0
95.0 764.0
95.0 1129.009900990099
95.0 1098.7227722772277
95.0 1283.3861386138615
95.0 1005.960396039604
95.0 832.7326732673267
95.0 882.7425742574258
95.0 991.5049504950495
95.0 753.1881188118812
95.0 778.7920792079208
95.0 822.5148514851485
95.0 801.8712871287129
95.0 543.6039603960396
95.0 611.9207920792079
95.0 686.5643564356436
95.0 587.0891089108911
95.0 763.1386138613861
95.0 838.2574257425742
95.0 811.6633663366337
95.0 928.3960396039604
95.0 744.5544554455446
95.0 1003.5544554455446
95.0 929.1683168316831
95.0 772.3762376237623
95.0 890.1980198019802
95.0 1259.7425742574258
95.0 1277.079207920792
95.0 1192.5346534653465
95.0 1055.7128712871288
95.0 972.5544554455446
95.0 1166.0891089108911
95.0 745.5643564356436
95.0 545.9702970297029
95.0 695.1485148514852
95.0 508.970297029703
95.0 543.5247524752475
95.0 821.6534653465346
95.0 688.8415841584158
95.0 723.4653465346535
95.0 575.4455445544554
95.0 747.7227722772277
95.0 1056.5148514851485
95.0 896.059405940594
95.0 1052.960396039604
95.0 800.4653465346535
95.0 984.7425742574258
95.0 987.7227722772277
95.0 1032.6237623762377
95.0 1114.0594059405942
95.0 943.9009900990098
95.0 743.1485148514852
95.0 1131.1683168316831
95.0 1207.2376237623762
95.0 715.4851485148515
95.0 941.9207920792079
95.0 558.8712871287129
95.0 788.1881188118812
95.0 865.9108910891089
95.0 746.6534653465346
95.0 1117.3168316831684
93.0 751.980198019802
93.0 678.5940594059406
93.0 1016.8316831683169
93.0 1152.5544554455446
93.0 747.3564356435644
93.0 820.2574257425742
93.0 970.980198019802
93.0 895.6138613861386
93.0 764.8514851485148
93.0 1227.960396039604
93.0 1031.1980198019803
93.0 697.8019801980198
93.0 587.8613861386139
93.0 673.940594059406
93.0 495.4257425742574
93.0 756.1980198019802
93.0 935.0693069306931
93.0 994.8613861386139
93.0 1025.2574257425742
93.0 705.990099009901
93.0 695.8712871287129
93.0 482.64356435643566
93.0 765.6336633663366
93.0 995.5841584158416
93.0 991.6336633663366
93.0 586.5148514851485
93.0 606.3663366336634
93.0 859.2970297029703
93.0 969.7821782178218
93.0 1101.148514851485
93.0 936.3960396039604
93.0 1094.990099009901
93.0 850.2871287128713
93.0 931.2772277227723
93.0 862.6633663366337
93.0 981.6138613861386
93.0 844.3960396039604
93.0 694.2277227722773
93.0 924.3168316831683
93.0 799.3564356435644
93.0 821.960396039604
93.0 877.0297029702971
93.0 867.2574257425742
93.0 1086.4257425742574
93.0 888.8118811881188
93.0 852.6138613861386
93.0 706.7722772277227
93.0 599.0792079207921
93.0 1028.2475247524753
93.0 859.5049504950495
93.0 782.3861386138614
93.0 626.3564356435644
93.0 597.8910891089109
93.0 621.4752475247525
93.0 656.3168316831683
93.0 900.5049504950495
93.0 729.8514851485148
93.0 695.5544554455446
93.0 926.9702970297029
93.0 807.6930693069307
93.0 809.8118811881188
93.0 836.1188118811881
93.0 874.5940594059406
93.0 570.8613861386139
93.0 890.2574257425742
93.0 816.3267326732673
93.0 820.3168316831683
93.0 861.3465346534654
93.0 869.6336633663366
93.0 763.5445544554456
94.0 805.9207920792079
94.0 715.6633663366337
94.0 975.7920792079208
94.0 985.2079207920792
94.0 844.3663366336634
94.0 775.0990099009902
94.0 842.7524752475248
94.0 869.6534653465346
94.0 1042.2277227722773
94.0 1065.3267326732673
94.0 1086.6336633663366
94.0 1170.1287128712872
94.0 1062.1881188118812
94.0 1039.960396039604
94.0 1129.6930693069307
94.0 1188.1584158415842
94.0 960.2475247524752
94.0 1216.5742574257426
94.0 681.4950495049505
94.0 840.7920792079208
94.0 757.1188118811881
94.0 760.4653465346535
94.0 876.049504950495
95.0 640.2376237623762
