7785.0 11667.577464788732
7785.0 11131.227722772277
9535.0 10182.376237623763
4903.0 10168.29702970297
4903.0 9420.336633663366
4205.0 8505.287128712871
3657.0 7927.415841584158
3657.0 6647.029702970297
3657.0 6291.148514851485
2734.0 5512.851485148515
2972.0 5053.584158415842
2972.0 4630.217821782178
1666.0 4235.168316831683
1666.0 4178.168316831683
1666.0 3707.1188118811883
1666.0 3584.732673267327
1666.0 3204.237623762376
1666.0 3122.5148514851485
1327.0 3153.4851485148515
1327.0 3051.633663366337
1327.0 3099.108910891089
1789.0 2446.990099009901
1789.0 2365.70297029703
1789.0 2232.861386138614
1789.0 2318.9504950495048
1789.0 2243.8514851485147
1200.0 2346.2871287128714
1200.0 2340.2475247524753
1200.0 2312.970297029703
1257.0 2377.80198019802
1257.0 2530.227722772277
1257.0 2089.970297029703
1257.0 2152.7227722772277
895.0 1926.2673267326732
895.0 2110.6732673267325
895.0 1966.8316831683169
895.0 2028.7128712871288
895.0 1872.5148514851485
895.0 1937.3168316831684
874.0 1982.7425742574258
874.0 2105.069306930693
874.0 2190.128712871287
1131.0 1967.1881188118812
1131.0 1885.8910891089108
1131.0 1795.039603960396
1131.0 1724.5643564356435
1131.0 1931.2178217821781
445.0 1665.029702970297
445.0 1910.3366336633662
445.0 2135.6039603960394
445.0 2073.5148514851485
445.0 2006.2673267326732
445.0 1937.7623762376238
445.0 1812.90099009901
445.0 1580.6435643564357
445.0 1681.6237623762377
445.0 1824.8613861386139
640.0 1670.3168316831684
640.0 1748.039603960396
640.0 1588.3267326732673
640.0 1376.9108910891089
640.0 1342.148514851485
640.0 1382.5643564356435
640.0 1218.3168316831684
640.0 1374.7029702970297
640.0 1478.069306930693
640.0 1646.5544554455446
457.0 1802.3465346534654
457.0 1501.7326732673268
457.0 1512.7425742574258
457.0 1438.6534653465346
457.0 1609.5445544554455
457.0 1423.930693069307
457.0 1543.2178217821781
457.0 1425.0594059405942
507.0 1329.0891089108911
507.0 1384.1386138613861
507.0 1121.039603960396
507.0 1102.8712871287128
507.0 1326.3069306930693
507.0 1099.4356435643565
507.0 1289.09900990099
507.0 1585.2772277227723
507.0 1609.8316831683169
507.0 1790.1980198019803
507.0 1299.069306930693
507.0 997.4653465346535
505.0 1121.7425742574258
505.0 1294.0594059405942
505.0 1118.1881188118812
505.0 1290.5148514851485
505.0 1169.0594059405942
505.0 848.990099009901
505.0 1162.8217821782177
505.0 1240.019801980198
505.0 1087.4653465346535
505.0 1319.3564356435643
505.0 1426.4059405940593
505.0 1303.1089108910892
505.0 1219.6336633663366
505.0 1135.9405940594058
505.0 987.6435643564356
505.0 1210.6633663366338
505.0 1234.8613861386139
505.0 1557.8415841584158
505.0 1698.3267326732673
505.0 1413.019801980198
505.0 1209.3762376237623
505.0 1377.2574257425742
505.0 1241.0594059405942
505.0 837.6831683168317
505.0 1160.8118811881188
505.0 1196.079207920792
505.0 1186.6039603960396
505.0 1268.4554455445545
505.0 1161.3366336633662
340.0 1331.6930693069307
340.0 1086.5247524752476
340.0 1201.069306930693
340.0 1112.3267326732673
340.0 965.3861386138614
340.0 927.4356435643564
340.0 1220.4653465346535
340.0 1244.2574257425742
340.0 1031.8118811881188
340.0 855.1089108910891
340.0 1171.8613861386139
340.0 1074.3762376237623
340.0 1286.8019801980197
340.0 1244.2574257425742
340.0 1185.3366336633662
340.0 1247.0891089108911
340.0 855.4653465346535
340.0 889.4950495049505
340.0 696.3762376237623
340.0 1191.4851485148515
340.0 1099.3465346534654
340.0 1066.8019801980197
340.0 865.8514851485148
340.0 1045.2178217821781
340.0 1045.5049504950496
340.0 1018.019801980198
242.0 1138.5643564356435
242.0 1042.8613861386139
242.0 1124.4653465346535
242.0 1369.8910891089108
242.0 1028.5841584158416
242.0 1114.5940594059407
242.0 789.8613861386139
242.0 930.6831683168317
242.0 784.950495049505
242.0 853.5049504950495
242.0 1018.0891089108911
242.0 1099.7029702970297
242.0 975.0693069306931
242.0 1285.7029702970297
242.0 1217.2673267326732
242.0 1099.4356435643565
242.0 1409.6237623762377
242.0 1281.148514851485
242.0 1074.3069306930693
242.0 935.3168316831683
242.0 1204.4950495049504
242.0 727.4653465346535
242.0 780.6930693069307
242.0 970.5841584158416
242.0 762.940594059406
242.0 1132.6039603960396
242.0 883.3861386138614
269.0 1148.8910891089108
269.0 1073.5841584158416
269.0 858.2772277227723
269.0 862.2079207920792
269.0 1031.3762376237623
269.0 1244.3168316831684
269.0 1253.049504950495
269.0 1089.4257425742574
269.0 1235.5544554455446
269.0 1204.7623762376238
269.0 1255.2178217821781
269.0 1154.3168316831684
269.0 821.0297029702971
269.0 1040.8316831683169
269.0 848.960396039604
269.0 635.7227722772277
269.0 1028.980198019802
269.0 982.1980198019802
269.0 1002.1584158415842
269.0 1221.6336633663366
269.0 1075.8910891089108
269.0 890.7821782178218
269.0 1025.8118811881188
269.0 998.2079207920792
269.0 843.2475247524752
269.0 684.1386138613861
269.0 1057.1089108910892
187.0 1001.2673267326733
187.0 1076.950495049505
187.0 1258.118811881188
187.0 1135.7326732673268
187.0 979.6237623762377
187.0 1026.90099009901
187.0 922.9702970297029
187.0 775.5148514851485
187.0 843.4752475247525
187.0 987.1683168316831
187.0 736.7722772277227
187.0 722.5247524752475
187.0 811.8316831683169
187.0 967.6930693069307
187.0 829.2970297029703
187.0 768.1386138613861
187.0 873.7920792079208
187.0 818.0693069306931
187.0 932.5049504950495
187.0 1005.8415841584158
187.0 1036.3366336633662
187.0 747.2772277227723
174.0 990.3564356435644
174.0 904.7029702970297
174.0 1039.4851485148515
174.0 962.6039603960396
174.0 800.7821782178218
174.0 987.5841584158416
174.0 817.6831683168317
174.0 942.4950495049505
174.0 1050.1386138613861
174.0 1083.069306930693
174.0 818.2772277227723
174.0 776.3663366336634
174.0 840.0990099009902
174.0 935.8118811881188
174.0 900.8217821782179
174.0 794.039603960396
174.0 909.5643564356436
166.0 838.3960396039604
166.0 809.3267326732673
166.0 649.9702970297029
166.0 1038.148514851485
166.0 1085.0594059405942
166.0 877.990099009901
91.0 1094.8910891089108
91.0 1136.6633663366338
91.0 1121.7524752475247
91.0 826.0990099009902
91.0 732.3069306930693
91.0 780.4653465346535
91.0 1050.049504950495
91.0 744.6732673267327
91.0 934.1584158415842
91.0 802.3960396039604
91.0 1155.0
91.0 1170.7524752475247
91.0 1128.920792079208
91.0 1020.0891089108911
91.0 947.3564356435644
91.0 577.8613861386139
91.0 751.1188118811881
91.0 803.9207920792079
91.0 636.1089108910891
91.0 887.6039603960396
91.0 740.2376237623762
91.0 810.4950495049505
91.0 782.7128712871287
91.0 790.8019801980198
91.0 965.5544554455446
91.0 787.0297029702971
91.0 908.1782178217821
91.0 639.6930693069307
91.0 948.8217821782179
91.0 544.3861386138614
91.0 644.1881188118812
91.0 854.8811881188119
91.0 1026.3168316831684
91.0 722.5544554455446
91.0 1333.4455445544554
91.0 1100.970297029703
91.0 766.2079207920792
91.0 669.6831683168317
91.0 732.7029702970297
91.0 991.3366336633663
91.0 893.5445544554456
91.0 827.1584158415842
91.0 1170.6435643564357
91.0 1323.4653465346535
91.0 1205.2970297029703
91.0 956.0792079207921
91.0 1152.3762376237623
91.0 1037.7128712871288
91.0 930.2970297029703
91.0 900.4554455445544
91.0 862.0990099009902
91.0 1085.7722772277227
91.0 655.7722772277227
91.0 919.3564356435644
91.0 946.950495049505
91.0 967.9306930693069
91.0 908.8613861386139
91.0 640.1881188118812
91.0 831.1089108910891
91.0 729.2970297029703
91.0 822.1287128712871
91.0 1019.950495049505
91.0 1262.7128712871288
91.0 1238.6732673267327
91.0 1072.4653465346535
91.0 718.5049504950495
91.0 961.7326732673267
91.0 807.4356435643564
91.0 856.0990099009902
91.0 1097.2475247524753
91.0 946.5247524752475
91.0 1058.1683168316831
91.0 980.5940594059406
91.0 774.0693069306931
91.0 664.8217821782179
91.0 787.8613861386139
91.0 1091.019801980198
91.0 1328.1287128712872
91.0 1080.970297029703
91.0 1338.4851485148515
91.0 983.9009900990098
91.0 768.2178217821782
91.0 1034.3663366336634
91.0 1115.4653465346535
91.0 886.009900990099
91.0 814.3762376237623
91.0 932.8415841584158
91.0 1068.4950495049504
91.0 1155.5445544554455
91.0 959.9306930693069
91.0 910.6732673267327
91.0 993.8415841584158
91.0 992.7524752475248
91.0 1045.6138613861385
91.0 1300.4950495049504
91.0 993.3168316831683
91.0 865.5742574257425
91.0 749.4554455445544
91.0 966.1485148514852
91.0 1032.8712871287128
91.0 715.4653465346535
91.0 730.019801980198
91.0 922.6831683168317
91.0 1032.4257425742574
91.0 1132.3168316831684
91.0 729.8316831683169
91.0 998.0891089108911
91.0 1001.6633663366337
91.0 1019.980198019802
91.0 836.3069306930693
91.0 1094.8415841584158
91.0 1027.2871287128712
91.0 1012.3465346534654
91.0 1054.6435643564357
91.0 805.3663366336634
91.0 845.7821782178218
91.0 1080.1584158415842
91.0 1277.8217821782177
91.0 1302.3267326732673
91.0 1146.6138613861385
91.0 1170.8910891089108
91.0 749.5742574257425
91.0 973.3366336633663
91.0 955.960396039604
91.0 1096.1683168316831
91.0 1031.2970297029703
91.0 1117.3762376237623
91.0 756.2079207920792
91.0 687.2970297029703
91.0 736.1881188118812
91.0 760.5445544554456
91.0 663.8316831683169
91.0 747.3762376237623
91.0 407.3069306930693
91.0 866.2574257425742
91.0 975.6633663366337
91.0 957.3366336633663
91.0 673.039603960396
91.0 967.5544554455446
91.0 736.8019801980198
91.0 1018.2970297029703
91.0 923.4455445544554
91.0 891.4554455445544
91.0 760.0297029702971
91.0 496.1089108910891
91.0 679.950495049505
91.0 848.8910891089109
91.0 1269.2574257425742
91.0 938.4059405940594
91.0 831.6534653465346
91.0 917.8415841584158
91.0 848.1782178217821
91.0 1161.4158415841584
91.0 1105.970297029703
91.0 1253.2673267326732
91.0 1202.1782178217823
91.0 870.6435643564356
91.0 856.4356435643564
91.0 1023.2376237623762
91.0 651.4158415841584
91.0 732.4752475247525
91.0 839.1782178217821
91.0 732.0297029702971
91.0 712.3267326732673
91.0 792.2376237623762
91.0 736.0792079207921
91.0 585.1188118811881
91.0 690.3168316831683
91.0 593.1386138613861
91.0 609.6336633663366
91.0 719.1188118811881
91.0 1035.7623762376238
91.0 1027.5742574257426
91.0 1037.5346534653465
91.0 1104.7722772277227
91.0 752.2772277227723
91.0 769.7029702970297
91.0 767.7722772277227
91.0 1246.6039603960396
91.0 975.8811881188119
91.0 1248.7128712871288
91.0 1167.6039603960396
91.0 932.5544554455446
91.0 745.6435643564356
91.0 969.990099009901
91.0 1036.0
91.0 1177.5049504950496
91.0 978.3861386138614
91.0 808.1584158415842
91.0 916.3168316831683
91.0 956.7524752475248
91.0 609.2574257425742
91.0 794.0990099009902
91.0 755.059405940594
91.0 877.4851485148515
91.0 662.8514851485148
91.0 641.2970297029703
91.0 736.7623762376238
91.0 1060.9108910891089
91.0 889.3663366336634
91.0 744.9702970297029
91.0 1051.079207920792
91.0 972.940594059406
91.0 1008.2871287128713
91.0 979.4851485148515
91.0 795.4851485148515
91.0 1030.90099009901
91.0 1267.7920792079208
91.0 934.0297029702971
91.0 831.7920792079208
91.0 1060.4257425742574
91.0 942.5445544554456
91.0 683.0
91.0 729.1881188118812
91.0 1187.960396039604
91.0 1330.2970297029703
91.0 1297.3564356435643
91.0 937.6237623762377
91.0 990.2178217821782
91.0 1082.3267326732673
91.0 1305.1089108910892
91.0 1327.7524752475247
91.0 1288.6039603960396
91.0 1233.6039603960396
91.0 1217.0594059405942
91.0 1076.7128712871288
91.0 866.4356435643564
91.0 711.940594059406
91.0 702.6138613861386
91.0 751.2772277227723
91.0 842.4455445544554
91.0 754.7821782178218
91.0 646.1584158415842
91.0 817.6336633663366
91.0 536.3366336633663
91.0 692.2574257425742
91.0 881.3465346534654
91.0 839.980198019802
91.0 959.7326732673267
91.0 1119.1386138613861
91.0 1273.7029702970297
91.0 937.8217821782179
91.0 897.8514851485148
91.0 699.2079207920792
91.0 577.1683168316831
91.0 1004.6831683168317
91.0 824.0693069306931
91.0 797.5841584158416
91.0 739.8811881188119
91.0 625.3267326732673
91.0 1130.1782178217823
91.0 1092.8712871287128
91.0 882.980198019802
91.0 1060.2178217821781
91.0 941.4851485148515
91.0 823.6237623762377
91.0 905.1881188118812
91.0 1002.7227722772277
91.0 1282.8217821782177
91.0 1208.950495049505
91.0 937.1485148514852
91.0 976.5940594059406
91.0 640.049504950495
91.0 693.039603960396
91.0 840.2376237623762
91.0 914.4554455445544
91.0 513.6831683168317
91.0 938.7227722772277
91.0 690.9207920792079
91.0 671.2574257425742
91.0 751.019801980198
91.0 736.4950495049505
91.0 803.4554455445544
91.0 730.5346534653465
91.0 753.1188118811881
91.0 964.1188118811881
91.0 851.8811881188119
91.0 931.1683168316831
91.0 1026.8613861386139
91.0 828.4158415841584
91.0 685.5247524752475
91.0 853.3168316831683
91.0 747.2376237623762
91.0 687.8019801980198
91.0 853.2871287128713
91.0 422.28712871287127
91.0 559.8217821782179
91.0 529.2277227722773
91.0 813.8613861386139
91.0 762.2376237623762
91.0 975.0
91.0 987.4950495049505
91.0 1015.9207920792079
91.0 1007.5742574257425
91.0 1021.4158415841584
91.0 1260.8019801980197
91.0 1015.1287128712871
91.0 1134.2475247524753
91.0 919.6633663366337
91.0 746.049504950495
91.0 752.2277227722773
91.0 878.3069306930693
91.0 1128.6930693069307
91.0 1010.8316831683169
91.0 756.6336633663366
91.0 765.3663366336634
91.0 956.9306930693069
91.0 1156.049504950495
91.0 823.9009900990098
91.0 1164.980198019802
91.0 668.990099009901
91.0 994.950495049505
91.0 1168.9405940594058
91.0 744.5148514851485
91.0 659.1881188118812
91.0 750.0891089108911
91.0 853.5049504950495
91.0 595.8910891089109
91.0 585.0297029702971
91.0 665.950495049505
91.0 960.6633663366337
91.0 1010.8514851485148
91.0 838.5247524752475
91.0 794.6831683168317
91.0 649.7722772277227
91.0 594.7722772277227
91.0 704.3465346534654
91.0 787.0693069306931
91.0 949.039603960396
91.0 635.7425742574258
91.0 902.7920792079208
91.0 721.5148514851485
91.0 931.5445544554456
91.0 865.940594059406
91.0 793.4257425742575
91.0 666.7524752475248
91.0 684.7128712871287
91.0 676.8019801980198
91.0 586.3960396039604
91.0 701.019801980198
91.0 783.7722772277227
91.0 608.2079207920792
91.0 520.960396039604
91.0 780.3861386138614
91.0 714.1485148514852
91.0 612.6930693069307
91.0 879.019801980198
91.0 978.1683168316831
91.0 1046.1584158415842
91.0 1128.1881188118812
91.0 918.8514851485148
91.0 1034.3762376237623
91.0 804.4257425742575
91.0 1142.5049504950496
91.0 1063.069306930693
91.0 1083.1782178217823
91.0 1305.7722772277227
91.0 1122.4851485148515
91.0 1076.6336633663366
91.0 953.059405940594
91.0 716.0693069306931
91.0 1065.7524752475247
91.0 439.019801980198
91.0 638.4455445544554
91.0 678.0
91.0 1167.8613861386139
91.0 907.3564356435644
91.0 811.1188118811881
91.0 1035.5445544554455
91.0 849.2376237623762
91.0 829.8118811881188
91.0 555.940594059406
91.0 566.2970297029703
91.0 910.2376237623762
91.0 959.1188118811881
91.0 634.3366336633663
91.0 973.5742574257425
91.0 994.8118811881188
91.0 1106.039603960396
91.0 877.6336633663366
91.0 844.9009900990098
91.0 804.3564356435644
91.0 768.950495049505
89.0 881.019801980198
89.0 1012.7029702970297
89.0 1047.960396039604
89.0 847.019801980198
89.0 825.3762376237623
89.0 940.6237623762377
89.0 1062.148514851485
89.0 1054.049504950495
89.0 1004.7425742574258
89.0 751.1386138613861
89.0 746.5445544554456
89.0 974.2673267326733
89.0 1234.6435643564357
89.0 1131.148514851485
89.0 1348.0594059405942
89.0 1218.118811881188
89.0 940.8712871287129
89.0 815.5148514851485
89.0 681.5049504950495
89.0 675.7425742574258
89.0 757.6930693069307
89.0 796.6930693069307
89.0 1067.0594059405942
89.0 922.7623762376238
89.0 1177.2277227722773
89.0 864.7425742574258
89.0 1027.8910891089108
89.0 760.1089108910891
89.0 564.3069306930693
89.0 817.8415841584158
89.0 663.7821782178218
89.0 826.7326732673267
89.0 471.63366336633663
89.0 550.2079207920792
89.0 739.8217821782179
89.0 1025.90099009901
89.0 919.990099009901
89.0 936.6633663366337
89.0 955.1485148514852
89.0 893.6336633663366
89.0 832.7227722772277
89.0 1049.851485148515
89.0 1023.9207920792079
89.0 796.8712871287129
89.0 835.5544554455446
89.0 888.5346534653465
89.0 894.8910891089109
89.0 894.6732673267327
89.0 1035.3366336633662
89.0 904.4356435643564
89.0 957.049504950495
89.0 866.2079207920792
89.0 1097.7326732673268
89.0 1072.8118811881188
89.0 758.7128712871287
89.0 994.7623762376238
89.0 995.1485148514852
89.0 1170.019801980198
89.0 908.6237623762377
89.0 679.0
89.0 1053.5445544554455
89.0 1107.1980198019803
89.0 1003.5841584158416
89.0 1019.5940594059406
89.0 918.1881188118812
89.0 850.1584158415842
89.0 1019.940594059406
89.0 609.7029702970297
89.0 470.0693069306931
89.0 724.5643564356436
89.0 1026.4950495049504
89.0 1075.039603960396
89.0 1076.3465346534654
89.0 974.0
89.0 978.940594059406
89.0 965.4554455445544
89.0 854.8514851485148
89.0 460.9504950495049
89.0 814.4356435643564
89.0 772.6633663366337
89.0 879.8217821782179
89.0 777.4257425742575
89.0 715.7029702970297
89.0 777.6039603960396
89.0 1011.4257425742575
89.0 994.7326732673267
89.0 1058.029702970297
89.0 1045.8316831683169
89.0 1046.1584158415842
89.0 918.2574257425742
89.0 818.1386138613861
89.0 919.049504950495
89.0 779.5148514851485
89.0 813.4158415841584
89.0 954.1782178217821
89.0 791.9702970297029
89.0 693.7128712871287
89.0 644.1782178217821
89.0 584.5049504950495
89.0 864.4752475247525
89.0 764.8514851485148
89.0 808.8415841584158
89.0 1030.029702970297
89.0 1017.8217821782179
89.0 821.7524752475248
89.0 886.6633663366337
89.0 790.1089108910891
89.0 568.4752475247525
89.0 976.3960396039604
89.0 1012.2277227722773
89.0 1138.90099009901
89.0 834.3069306930693
89.0 864.019801980198
89.0 713.5346534653465
89.0 709.049504950495
89.0 889.5742574257425
89.0 915.5346534653465
89.0 796.6732673267327
89.0 924.7821782178218
89.0 971.960396039604
89.0 976.8712871287129
89.0 784.6435643564356
89.0 663.0891089108911
89.0 1171.2277227722773
89.0 1226.1683168316831
89.0 1135.3564356435643
89.0 1195.2178217821781
89.0 1079.2475247524753
89.0 1016.950495049505
89.0 1227.2871287128712
89.0 1168.980198019802
89.0 1237.1683168316831
89.0 942.7326732673267
89.0 1039.950495049505
89.0 1194.029702970297
89.0 924.6336633663366
89.0 574.7326732673267
89.0 513.3861386138614
89.0 590.9108910891089
89.0 786.4554455445544
89.0 758.5049504950495
89.0 743.5148514851485
89.0 640.960396039604
89.0 836.2772277227723
89.0 575.3861386138614
89.0 448.76237623762376
89.0 745.1485148514852
89.0 711.5247524752475
89.0 869.5544554455446
89.0 575.0891089108911
89.0 702.1386138613861
89.0 684.2673267326733
89.0 786.049504950495
89.0 835.7920792079208
89.0 746.8910891089109
89.0 873.9306930693069
89.0 907.1683168316831
89.0 957.3564356435644
89.0 848.7326732673267
89.0 749.5148514851485
89.0 971.6138613861386
89.0 1206.8217821782177
89.0 822.9207920792079
89.0 834.4950495049505
89.0 930.2574257425742
89.0 803.6633663366337
89.0 885.940594059406
89.0 666.2772277227723
89.0 799.3168316831683
89.0 1041.7623762376238
89.0 719.2079207920792
89.0 740.5841584158416
89.0 1048.2277227722773
89.0 947.7920792079208
89.0 731.049504950495
89.0 901.0891089108911
89.0 747.8118811881188
89.0 537.1980198019802
89.0 893.4158415841584
89.0 697.4851485148515
89.0 987.5247524752475
89.0 1132.1386138613861
89.0 876.1881188118812
89.0 867.5742574257425
89.0 552.0990099009902
89.0 639.5148514851485
89.0 667.7029702970297
89.0 922.0297029702971
89.0 907.5148514851485
89.0 698.7029702970297
89.0 660.4455445544554
89.0 752.8613861386139
89.0 923.8910891089109
89.0 1101.8712871287128
89.0 1025.5841584158416
89.0 1079.980198019802
89.0 1006.0297029702971
89.0 878.8019801980198
89.0 1070.4059405940593
89.0 752.1683168316831
89.0 655.8415841584158
89.0 937.0891089108911
89.0 971.059405940594
86.0 892.5346534653465
86.0 808.980198019802
86.0 900.5841584158416
86.0 877.8613861386139
86.0 963.3960396039604
86.0 901.6732673267327
86.0 977.2376237623762
86.0 1085.90099009901
86.0 916.5742574257425
86.0 1035.069306930693
86.0 956.3069306930693
86.0 1227.5940594059407
86.0 950.3762376237623
86.0 1028.960396039604
86.0 838.1188118811881
86.0 1076.5049504950496
86.0 1159.3168316831684
86.0 1268.7029702970297
86.0 1259.7623762376238
86.0 1210.9108910891089
86.0 760.1782178217821
86.0 651.5346534653465
86.0 968.009900990099
86.0 627.3069306930693
86.0 622.1782178217821
86.0 843.4356435643564
86.0 869.4554455445544
86.0 886.4653465346535
86.0 860.0792079207921
86.0 800.3861386138614
86.0 602.6732673267327
86.0 784.4257425742575
86.0 698.9306930693069
86.0 751.1089108910891
86.0 794.1881188118812
86.0 773.9108910891089
86.0 945.3663366336634
86.0 762.2178217821782
86.0 695.9702970297029
86.0 869.3366336633663
86.0 909.8118811881188
86.0 983.7227722772277
86.0 910.1683168316831
86.0 928.4455445544554
86.0 846.1485148514852
86.0 556.1287128712871
86.0 799.7920792079208
86.0 766.5940594059406
86.0 822.3366336633663
86.0 614.2871287128713
86.0 762.6435643564356
86.0 819.6435643564356
86.0 788.990099009901
86.0 1284.950495049505
86.0 797.7425742574258
86.0 988.7227722772277
86.0 769.4851485148515
86.0 642.4554455445544
86.0 940.7029702970297
86.0 1100.8019801980197
86.0 831.039603960396
86.0 911.4950495049505
86.0 682.3861386138614
86.0 775.3564356435644
86.0 696.8019801980198
84.0 589.4158415841584
84.0 883.5742574257425
84.0 1036.2079207920792
84.0 962.4851485148515
84.0 980.1089108910891
84.0 1065.5841584158416
84.0 1054.851485148515
84.0 1092.6435643564357
84.0 963.3861386138614
84.0 1099.079207920792
84.0 883.1782178217821
84.0 781.5148514851485
84.0 1104.7623762376238
84.0 1471.5841584158416
84.0 1145.5544554455446
84.0 965.7821782178218
84.0 725.6138613861386
84.0 808.9306930693069
84.0 847.1980198019802
84.0 898.0990099009902
84.0 837.4257425742575
84.0 958.1881188118812
84.0 824.2673267326733
84.0 1072.4257425742574
84.0 1134.7524752475247
84.0 931.8613861386139
84.0 612.8316831683169
84.0 630.960396039604
84.0 457.65346534653463
84.0 583.8316831683169
84.0 981.5049504950495
84.0 809.5148514851485
84.0 695.049504950495
84.0 772.8118811881188
84.0 1136.5841584158416
84.0 939.1287128712871
84.0 1171.2079207920792
84.0 819.9009900990098
84.0 1042.980198019802
84.0 763.9306930693069
84.0 768.8118811881188
84.0 668.9207920792079
84.0 680.5544554455446
84.0 640.7524752475248
84.0 918.7128712871287
84.0 821.059405940594
84.0 668.6930693069307
84.0 925.019801980198
84.0 578.7524752475248
84.0 597.990099009901
84.0 760.4455445544554
84.0 1077.7029702970297
84.0 894.6732673267327
84.0 837.2871287128713
84.0 1317.8910891089108
84.0 1165.7722772277227
84.0 836.8316831683169
84.0 877.7128712871287
84.0 686.8910891089109
84.0 644.2574257425742
84.0 607.7623762376238
84.0 638.2079207920792
84.0 518.0693069306931
84.0 768.3861386138614
84.0 749.5544554455446
84.0 1045.920792079208
84.0 1078.1683168316831
84.0 1196.920792079208
84.0 641.2871287128713
84.0 603.2871287128713
84.0 676.7425742574258
84.0 518.6336633663366
84.0 906.4950495049505
84.0 1127.7128712871288
84.0 788.6633663366337
84.0 936.5841584158416
84.0 768.0297029702971
84.0 677.9108910891089
84.0 833.7920792079208
84.0 880.9009900990098
84.0 1002.3762376237623
84.0 1081.8316831683169
84.0 965.9306930693069
84.0 795.6633663366337
84.0 1214.2178217821781
84.0 1216.3960396039604
84.0 982.2574257425742
84.0 987.6930693069307
84.0 970.0
84.0 911.2277227722773
84.0 913.059405940594
84.0 764.019801980198
84.0 927.2277227722773
84.0 648.4851485148515
84.0 938.9108910891089
84.0 682.019801980198
84.0 907.9702970297029
84.0 775.7920792079208
84.0 891.3465346534654
84.0 1208.118811881188
84.0 1049.2673267326732
84.0 998.7029702970297
84.0 962.5346534653465
84.0 773.8811881188119
84.0 965.2376237623762
84.0 852.8910891089109
84.0 956.6435643564356
84.0 665.7821782178218
