6.084945843981988E-4 3.9464630582748065E-4
7.81372089388967E-4 4.450755198201618E-4
7.81372089388967E-4 4.6427820862177674E-4
9.56205775482884E-4 5.048130760281604E-4
0.0010615711252653928 5.534146015992227E-4
0.0011839924224484964 5.790685505094155E-4
0.0011839924224484964 6.018131876771108E-4
0.0011839924224484964 6.528227912066882E-4
0.001232741617357002 6.858715574467462E-4
0.001232741617357002 7.543667843213503E-4
0.0014581510644502771 8.854752289590514E-4
0.0014581510644502771 9.357899177023278E-4
0.0015625 0.0010151613215667104
0.0017825311942959 0.0011138072077908694
0.0022251891410769915 0.0012152341630615904
0.0022251891410769915 0.0012786461437947969
0.0022251891410769915 0.001313792020506855
0.00281214848143982 0.0013896072221180984
0.00281214848143982 0.0014199482640306618
0.00281214848143982 0.0014716312724065215
0.00281214848143982 0.001588576462679378
0.0031725888324873096 0.0015922186209577668
0.0031725888324873096 0.0017625280482266293
0.0031725888324873096 0.0017976857234667653
0.003389830508474576 0.001970352633491373
0.004125412541254125 0.002190054289190373
0.004125412541254125 0.002211313768534968
0.004125412541254125 0.0021309080322389055
0.004125412541254125 0.0022320763897262213
0.004125412541254125 0.0023861252663938608
0.004280821917808219 0.0025240982023555427
0.0057670126874279125 0.0026332617227946384
0.0057670126874279125 0.0026672660750618827
0.0057670126874279125 0.0027172299960742485
0.0057670126874279125 0.002666720715269387
0.0057670126874279125 0.0026452186688491405
0.0057670126874279125 0.0024670243162017874
0.0057670126874279125 0.0027346071604496696
0.0057670126874279125 0.0031135704320852174
0.0057670126874279125 0.003336688053951129
0.0057670126874279125 0.0035679044510035884
0.0057670126874279125 0.0032956575008811872
0.0057670126874279125 0.0034475699918181018
0.0057670126874279125 0.0036506840706720077
0.0057670126874279125 0.004139990825805086
0.007974481658692184 0.004143294519534239
0.007974481658692184 0.003946773487360493
0.007974481658692184 0.004356470941343278
0.007974481658692184 0.0044902591003541424
0.007974481658692184 0.004427793054160478
0.007974481658692184 0.005013468557642788
0.007974481658692184 0.004675546468918281
0.007974481658692184 0.004666600234209753
0.007974481658692184 0.004915500033162138
0.007974481658692184 0.004727960232435071
0.007974481658692184 0.00421837581830705
0.007974481658692184 0.004663006403506465
0.007974481658692184 0.004493183820792748
0.007974481658692184 0.004611450413621901
0.007974481658692184 0.005288419504690479
0.007974481658692184 0.005903477161339808
0.007974481658692184 0.006281641737994372
0.007974481658692184 0.006614873785787673
0.007974481658692184 0.0064276176350283685
0.007974481658692184 0.006613288224352177
0.007974481658692184 0.006538871897311322
0.007974481658692184 0.006409838526362119
0.008116883116883116 0.006536884420947822
0.008116883116883116 0.0063005571399108165
0.008116883116883116 0.006719861441853174
0.008116883116883116 0.006506219456299974
0.008116883116883116 0.005453881337133934
0.008116883116883116 0.005582024937986733
0.008116883116883116 0.005518814760952618
0.008116883116883116 0.00532997667289618
0.008116883116883116 0.005411129893209183
0.008865248226950355 0.005096368872416611
0.008865248226950355 0.0061316725591134226
0.008865248226950355 0.006210236986535398
0.008865248226950355 0.006848407243598076
0.008865248226950355 0.0066469232515212135
0.008865248226950355 0.006307112183819342
0.008865248226950355 0.006399560824351307
0.008865248226950355 0.006173094947346117
0.008865248226950355 0.006226328312437742
0.008992805755395683 0.007140647877941876
0.008992805755395683 0.007199009158199304
0.008992805755395683 0.007600374207878376
0.008992805755395683 0.0077753124303411416
0.008992805755395683 0.007155283517835852
0.008992805755395683 0.0059506204391408645
0.00984251968503937 0.006066970112766775
0.00984251968503937 0.00639085213788989
0.00984251968503937 0.006471734947277267
0.00984251968503937 0.006296541240073751
0.00984251968503937 0.006813989418401006
0.00984251968503937 0.006224470563835567
0.00984251968503937 0.005592058386919739
0.00984251968503937 0.005432311680574994
0.00984251968503937 0.005341783272382731
0.00984251968503937 0.006229633140018224
0.00984251968503937 0.006644310051964169
0.00984251968503937 0.006611312418801876
0.00984251968503937 0.007122528295702651
0.00984251968503937 0.007201949067110314
0.00984251968503937 0.007227196617393357
0.00984251968503937 0.00743181606265378
0.01160092807424594 0.007866742493426499
0.01160092807424594 0.007740203390088688
0.01160092807424594 0.007984570267999107
0.011627906976744186 0.007471261979713345
0.011627906976744186 0.007048439631499983
0.011627906976744186 0.007161712546600752
0.011682242990654207 0.007667336953083554
0.011682242990654207 0.00770546318642946
0.011682242990654207 0.008259467250461993
0.011682242990654207 0.007427440850438783
0.011682242990654207 0.006912578633336666
0.011682242990654207 0.006921070732834245
0.011682242990654207 0.006446393658588022
0.011682242990654207 0.006501654543437843
0.011682242990654207 0.006805372650761724
0.011682242990654207 0.00699153747415557
0.011682242990654207 0.007234573656290146
0.011682242990654207 0.007445486582863283
0.011682242990654207 0.008721042993525522
0.011682242990654207 0.009753522227069992
0.011682242990654207 0.008787350317885391
0.011682242990654207 0.008428039478210459
0.011682242990654207 0.008577631718490483
0.011682242990654207 0.008430316327498225
0.011682242990654207 0.008013036521061357
0.011682242990654207 0.007771020494145021
0.011682242990654207 0.008002241890092528
0.011709601873536299 0.008726315901709846
0.011709601873536299 0.008839018161948594
0.011709601873536299 0.008085002876891517
0.011709601873536299 0.008547982155393324
0.011709601873536299 0.008237170717973821
0.011709601873536299 0.007609801974977601
0.011709601873536299 0.00758918323493852
0.011709601873536299 0.006427988055611216
0.011709601873536299 0.006148563436918422
0.011709601873536299 0.0069093821894699314
0.012224938875305624 0.007783223127788432
0.012224938875305624 0.00842288814629919
0.012224938875305624 0.008022829941494588
0.012224938875305624 0.008524795673710171
0.012224938875305624 0.009802746076842806
0.012224938875305624 0.009358131532075124
0.012224938875305624 0.008365971075014286
0.012224938875305624 0.008792956548772836
0.012224938875305624 0.007594214811462422
0.012224938875305624 0.007345328989138863
0.012224938875305624 0.007111695074228663
0.012224938875305624 0.007681324402629812
0.012224938875305624 0.008012153122994565
0.012224938875305624 0.008804853842771285
0.012224938875305624 0.008395298257900214
0.012224938875305624 0.0084157188755149
0.012224938875305624 0.009601562150664654
0.012224938875305624 0.00940774892409779
0.012224938875305624 0.009595518735731617
0.012224938875305624 0.009170275857954182
0.012224938875305624 0.009587875536517923
0.012224938875305624 0.00871907783638031
0.012224938875305624 0.007755908636501914
0.012224938875305624 0.008799343671596445
0.012224938875305624 0.009312457404891885
0.012224938875305624 0.009560436447697784
0.012224938875305624 0.009846554482317749
0.012224938875305624 0.008845546609173208
0.012224938875305624 0.009247311308609585
0.012224938875305624 0.009346080112198351
0.012224938875305624 0.0092102737971861
0.012224938875305624 0.009161090318779179
0.012224938875305624 0.009626992957485963
0.012224938875305624 0.009015509023123279
0.012224938875305624 0.009018590124070764
0.012224938875305624 0.0090166521232615
0.012224938875305624 0.009252836042263072
0.012224938875305624 0.009520064770840686
0.012224938875305624 0.00950242018461069
0.012224938875305624 0.009561273726384538
0.012224938875305624 0.009762721741548401
0.012224938875305624 0.01053919783511865
0.012224938875305624 0.010093225811151338
0.012224938875305624 0.008635541775799099
0.012224938875305624 0.00807404803410858
0.012224938875305624 0.007523382878114048
0.012224938875305624 0.007902751728966461
0.012224938875305624 0.009399091652481466
0.012224938875305624 0.009467987346536625
0.012224938875305624 0.008481150997768208
0.012224938875305624 0.008706257368979224
0.012224938875305624 0.008432994647045118
0.012224938875305624 0.009183390696303901
0.013888888888888888 0.009866632015035272
0.013888888888888888 0.010080685006834308
0.013888888888888888 0.009788133950443116
0.013888888888888888 0.010243544071478945
0.013888888888888888 0.009923927596439619
0.013888888888888888 0.009329438147449243
0.013888888888888888 0.009883488999139083
0.013888888888888888 0.009855856916869542
0.013888888888888888 0.0090874326432956
0.013888888888888888 0.008924873127395701
0.013888888888888888 0.008653786362513948
0.013888888888888888 0.008463954881016872
0.013888888888888888 0.008968452884499623
0.013888888888888888 0.00864870734926124
0.013888888888888888 0.00810996719924117
0.013888888888888888 0.009598749524545775
0.013888888888888888 0.0090568345062136
0.013888888888888888 0.008389840602722506
0.013888888888888888 0.007901349981592235
0.013888888888888888 0.00893947841154812
0.013888888888888888 0.010329204786817332
0.013888888888888888 0.009690617889365481
0.013888888888888888 0.009797927303932518
0.013888888888888888 0.009918118420140452
0.013888888888888888 0.009778313803851222
0.013888888888888888 0.009235123985173415
0.013888888888888888 0.009927767913427189
0.013888888888888888 0.010417019452419386
0.013888888888888888 0.010116540488973244
0.013888888888888888 0.01207876846456386
0.013888888888888888 0.011174965543961165
0.013888888888888888 0.01091165951080647
0.013888888888888888 0.011173686683718436
0.013888888888888888 0.010632905436174697
0.013888888888888888 0.009849914510676856
0.013888888888888888 0.008893382208015407
0.013888888888888888 0.01006679644597542
0.013888888888888888 0.011270562641277229
0.013888888888888888 0.010489299157659521
0.013888888888888888 0.009195516102293817
0.013888888888888888 0.008221965474776247
0.013888888888888888 0.010710484017643249
0.013888888888888888 0.010166062386260416
0.013888888888888888 0.010152577505568586
0.013888888888888888 0.01072613145341592
0.013888888888888888 0.011805175124435428
0.013888888888888888 0.011902582484484366
0.013888888888888888 0.011552359163718403
0.013888888888888888 0.011001335195816966
0.013888888888888888 0.011282340641490862
0.013888888888888888 0.01167479328620075
0.013888888888888888 0.010850470474586853
0.013888888888888888 0.01040696288143928
0.013888888888888888 0.010065815253475944
0.013888888888888888 0.011975933759833591
0.013888888888888888 0.012166120352265527
0.013888888888888888 0.010279866683978794
0.013888888888888888 0.009456312518205693
0.013888888888888888 0.010629263717420756
0.013888888888888888 0.010312209526836197
0.013888888888888888 0.010239923836538956
0.013888888888888888 0.010730497429353562
0.013888888888888888 0.009724506287095255
0.013888888888888888 0.009546909789437558
0.013888888888888888 0.01003869493547219
0.014970059880239521 0.00988213319316785
0.014970059880239521 0.010637248744961478
0.014970059880239521 0.01000278171965189
0.014970059880239521 0.010259059032770515
0.014970059880239521 0.009168800050247311
0.014970059880239521 0.009486277686294236
0.014970059880239521 0.009513397284082431
0.014970059880239521 0.009968554241585631
0.014970059880239521 0.009689730609975095
0.014970059880239521 0.010091029353664932
0.014970059880239521 0.010239866183034968
0.014970059880239521 0.010477006236746179
0.014970059880239521 0.012296661718525267
0.014970059880239521 0.011044458215337507
0.014970059880239521 0.011096751254048232
0.014970059880239521 0.009964902001627144
0.014970059880239521 0.010887746240459625
0.014970059880239521 0.010764651750879834
0.014970059880239521 0.011190754684684464
0.014970059880239521 0.011751361142697299
0.014970059880239521 0.012042323925907587
0.015015015015015017 0.01147953906144042
0.015015015015015017 0.009724744414873369
0.015015015015015017 0.010307352409937543
0.015015015015015017 0.0104281345777901
0.015015015015015017 0.010867682566054413
0.015015015015015017 0.010915687418818517
0.015015015015015017 0.010793470588516301
0.015015015015015017 0.010756252244752407
0.015015015015015017 0.01112839176426435
0.015015015015015017 0.01147318281457328
0.015015015015015017 0.012058716994485432
0.015015015015015017 0.010655571372617004
0.015015015015015017 0.011985413686027381
0.015015015015015017 0.011148117404776824
0.015015015015015017 0.013172569714651515
0.015015015015015017 0.011332196749133302
0.015015015015015017 0.012240007222847281
0.015015015015015017 0.011336121770785699
0.015015015015015017 0.011046159279801944
0.015015015015015017 0.01145868830224681
0.015015015015015017 0.011855775330403311
0.015015015015015017 0.011359349675824868
0.015015015015015017 0.01106214099091443
0.015015015015015017 0.011386062535608704
0.015015015015015017 0.010731406957315507
0.015015015015015017 0.01073736505879363
0.015015015015015017 0.010701320388105083
0.015015015015015017 0.011181600834046476
0.015015015015015017 0.010855958053722187
0.015015015015015017 0.011488730554309597
0.015015015015015017 0.010352468023850188
0.015015015015015017 0.010760593752851301
0.015015015015015017 0.010997313681020951
0.015015015015015017 0.010531320168020017
0.015015015015015017 0.012043332516373934
0.015015015015015017 0.012709413213652147
0.015015015015015017 0.012201880286763077
0.015015015015015017 0.011525330979514282
0.015015015015015017 0.011173523583466937
0.015015015015015017 0.011024924627860217
0.015015015015015017 0.011292946554933667
0.015015015015015017 0.01182499024002442
0.015015015015015017 0.012036719646621516
0.015015015015015017 0.010922700477283567
0.015015015015015017 0.011121962266403053
0.015015015015015017 0.01057001350211764
0.015015015015015017 0.009190167345407826
0.015015015015015017 0.010765138883369066
0.015015015015015017 0.01120906767918535
0.015015015015015017 0.010803897822054022
0.015015015015015017 0.0111118330712317
0.015015015015015017 0.012036618017452375
0.015015015015015017 0.012290293667022143
0.015015015015015017 0.011108998108510048
0.015015015015015017 0.010785979527637633
0.015015015015015017 0.009991486287259597
0.015015015015015017 0.010594167736861447
0.015015015015015017 0.010018996177537091
0.015015015015015017 0.009862844244995186
0.015015015015015017 0.010181779870664992
0.015015015015015017 0.012121270457091233
0.015015015015015017 0.011382628053502594
0.01953125 0.011986493778095792
0.01953125 0.011697578240435175
0.01953125 0.009990593717098904
0.01953125 0.010407420749122447
0.01953125 0.011158489806591615
0.01953125 0.010367285061855915
0.01953125 0.009806386750645806
0.01953125 0.011816288917101504
0.01953125 0.013646862869894192
0.01953125 0.013538240090135921
0.01953125 0.015331380758263156
0.01953125 0.015295945001554264
0.01953125 0.015182445722179515
0.01953125 0.01678131303781957
0.01953125 0.015355160959481527
0.01953125 0.015732810007636298
0.01953125 0.0161130355212787
0.01953125 0.014199823298287633
0.01953125 0.012107265368688011
0.01953125 0.013277911313658101
0.01953125 0.014463258205266383
0.023696682464454975 0.013566467573642021
0.023696682464454975 0.014230683551598323
0.023696682464454975 0.015572027793053245
0.023696682464454975 0.015182332028812105
0.023696682464454975 0.015608529607005931
0.023696682464454975 0.014192855703192498
0.023696682464454975 0.013743708780410818
0.023696682464454975 0.011876246463052163
0.023696682464454975 0.01532293070255856
0.023696682464454975 0.01671987039383133
0.023696682464454975 0.015966530803732563
0.023696682464454975 0.017827592593618477
0.023696682464454975 0.018393059021907986
0.023696682464454975 0.020076331462740567
0.023696682464454975 0.019762804299382365
0.023696682464454975 0.01742919082441811
0.023696682464454975 0.017057275663040865
0.023696682464454975 0.014815208483736372
0.023696682464454975 0.01788477376870259
0.023696682464454975 0.017454885170318478
0.023696682464454975 0.017066398138794226
0.023696682464454975 0.015467570099973339
0.023696682464454975 0.015727749327565974
0.023696682464454975 0.017218348688541583
0.023696682464454975 0.016743096326095806
0.023696682464454975 0.01642470211261534
0.023696682464454975 0.016654003123867098
0.023696682464454975 0.016056468243973995
0.023696682464454975 0.016877353400397598
0.023696682464454975 0.01666695964388326
0.023696682464454975 0.016394474507168254
0.023696682464454975 0.01762668647743185
0.023696682464454975 0.016673485662549364
0.023696682464454975 0.017509916218887124
0.023696682464454975 0.01510799450469113
0.023696682464454975 0.0153083595697511
0.023696682464454975 0.017420211850646607
0.023696682464454975 0.01636371143062887
0.023696682464454975 0.017311009355594473
0.023696682464454975 0.016699236795260655
0.023809523809523808 0.016398284070610152
0.023809523809523808 0.016504413653145773
0.023809523809523808 0.015885008285340643
0.023809523809523808 0.01511653611243243
0.023809523809523808 0.01800527587187211
0.023809523809523808 0.015949471462868296
0.023809523809523808 0.016947879521357803
0.023809523809523808 0.014051427248947673
0.023809523809523808 0.013319353929694808
0.023809523809523808 0.01491351016668889
0.023809523809523808 0.01279784204395668
0.023809523809523808 0.01323173312822793
0.023809523809523808 0.01335380738791881
0.023809523809523808 0.01175449981092552
0.023809523809523808 0.01378868182371515
0.023809523809523808 0.013399630559365511
0.023809523809523808 0.011678369079696563
0.023809523809523808 0.010956970832933328
0.023809523809523808 0.013782573230314704
0.023809523809523808 0.013178787800961513
0.023809523809523808 0.013631188313948071
0.023809523809523808 0.012541309997101745
0.023809523809523808 0.012088106114727031
0.023809523809523808 0.011606732878122276
0.023809523809523808 0.01109860282406119
0.023809523809523808 0.011177520062494768
0.023809523809523808 0.011498740857354871
0.023809523809523808 0.010323566289074161
0.023809523809523808 0.010523706212892779
0.023809523809523808 0.01341326496636382
0.023809523809523808 0.016752149975711395
0.023809523809523808 0.015826161365838115
0.023809523809523808 0.016155379281472135
0.023809523809523808 0.01456514203388934
0.023809523809523808 0.01335769124714979
0.023809523809523808 0.01084895065736704
0.023809523809523808 0.011482356379110707
0.023809523809523808 0.014364625925632073
0.023809523809523808 0.016327494534714947
0.023809523809523808 0.013910042270925509
0.023809523809523808 0.014131089298603867
0.023809523809523808 0.011813328212553396
0.023809523809523808 0.012021119498068604
0.023809523809523808 0.013159658912027167
0.023809523809523808 0.013641779937383892
0.023809523809523808 0.015481707080009541
0.023809523809523808 0.013728331183518447
0.023809523809523808 0.017364925185263096
0.023809523809523808 0.01638923133035249
0.023809523809523808 0.01737825041825934
0.023809523809523808 0.016273095474334826
0.023809523809523808 0.01586145006546496
0.023809523809523808 0.016337872415932483
0.023809523809523808 0.01618842307478123
0.023809523809523808 0.012771100880113741
0.023809523809523808 0.01332767573698815
0.023809523809523808 0.014143856896862688
0.023809523809523808 0.015466736960481856
0.023809523809523808 0.013253730275206233
0.023809523809523808 0.013050127325721816
0.023809523809523808 0.014332216066579367
0.023809523809523808 0.016331038426652077
0.023809523809523808 0.01668428829631899
0.023809523809523808 0.01578655718362909
0.023809523809523808 0.014052532116446897
0.024154589371980676 0.016300129116262056
0.024154589371980676 0.015219665634571713
0.024154589371980676 0.010822543746928898
0.024154589371980676 0.013075980585054287
0.024154589371980676 0.013878170199873183
0.024154589371980676 0.013375271958624504
0.024154589371980676 0.014362803160592935
0.024154589371980676 0.015012439824915855
0.024154589371980676 0.0165483677874371
0.024154589371980676 0.01888665639979602
0.024154589371980676 0.01909550652531558
0.024154589371980676 0.01964536826107863
0.024154589371980676 0.018511225964967015
0.024154589371980676 0.019176933358285443
0.024154589371980676 0.016353621159381115
0.024154589371980676 0.016049713424578355
0.024154589371980676 0.017439640902764973
0.024154589371980676 0.0178461089288891
0.024154589371980676 0.016527141898868558
0.024154589371980676 0.016713687529291817
0.024154589371980676 0.017235395881926997
0.024154589371980676 0.016990554834176975
0.024154589371980676 0.014249325031543473
0.024154589371980676 0.015864787950503247
0.024154589371980676 0.01652746052915752
0.024154589371980676 0.014904934421561992
0.024154589371980676 0.01811243332800655
0.024154589371980676 0.016591977714838006
0.024154589371980676 0.017012278254710318
0.024154589371980676 0.01722798113834825
0.024154589371980676 0.0178899556373386
0.024154589371980676 0.02054460162491609
0.024390243902439025 0.019106779412419377
0.024390243902439025 0.018456620163490933
0.024390243902439025 0.016202554400869422
0.024390243902439025 0.01686127965587338
0.024390243902439025 0.01401947791498019
0.024390243902439025 0.01628474833072889
0.024390243902439025 0.01598462848110654
0.024390243902439025 0.016573652740692373
0.024390243902439025 0.01799799751146819
0.024390243902439025 0.01587465388008956
0.024390243902439025 0.016782346424591397
0.024390243902439025 0.017859117823899585
0.024390243902439025 0.017598129253737327
0.024390243902439025 0.01944199060606719
0.024390243902439025 0.020283466588122877
0.024390243902439025 0.01998145983337979
0.024390243902439025 0.01807461908638385
0.024390243902439025 0.019293086756507708
0.024390243902439025 0.020780800726844052
0.024390243902439025 0.01874258991608252
0.024390243902439025 0.020651739180722772
0.024390243902439025 0.01876036075923869
0.024390243902439025 0.018590358035705704
0.024390243902439025 0.01780368243627415
0.024390243902439025 0.01950929756130618
0.024390243902439025 0.018395191565034164
0.024390243902439025 0.018370843685748844
0.024390243902439025 0.016757088862847085
0.024390243902439025 0.016590974816721792
0.024390243902439025 0.017790240820900485
0.024390243902439025 0.019099136875932655
0.024390243902439025 0.018586100670629123
0.024390243902439025 0.018361958604443528
0.024390243902439025 0.015431028416065256
0.024390243902439025 0.018378394425265794
0.024390243902439025 0.018043741805922657
0.024390243902439025 0.01757998279554391
0.024390243902439025 0.016851329580103533
0.024390243902439025 0.01583312422430889
0.024390243902439025 0.01764999043126517
0.024390243902439025 0.01706166959694958
0.024390243902439025 0.016714122360904287
0.024390243902439025 0.016927194779401973
0.024390243902439025 0.016518100152145374
0.024390243902439025 0.016808986869050548
0.024390243902439025 0.018155035047739264
0.024390243902439025 0.017916447413642202
0.024390243902439025 0.02059026894410846
0.024390243902439025 0.019094735325033585
0.024390243902439025 0.018295953459219288
0.024390243902439025 0.01814973813891735
0.024390243902439025 0.01693155220475442
0.024390243902439025 0.0184218050696834
0.024390243902439025 0.019646983146770505
0.024390243902439025 0.018516832824002415
0.024390243902439025 0.017217459471136367
0.024390243902439025 0.016898716189506433
0.024390243902439025 0.018888648610809487
0.024390243902439025 0.01944703980689668
0.024390243902439025 0.019043264620194317
0.024390243902439025 0.01764040775833805
0.024390243902439025 0.018534833728792284
0.024390243902439025 0.018580528893788466
0.024390243902439025 0.01909967304119886
0.024390243902439025 0.020063479086469865
0.024390243902439025 0.018962022291447108
0.024390243902439025 0.01974078160389807
0.024390243902439025 0.017989436422214095
0.024390243902439025 0.01688743401630406
0.024390243902439025 0.01763300948373425
0.024390243902439025 0.016737746032406367
0.024390243902439025 0.017120307254394833
0.024390243902439025 0.017561890428759296
0.024390243902439025 0.01927774030646701
0.024390243902439025 0.018758863504209886
0.024390243902439025 0.019409254811826916
0.024390243902439025 0.020235021946130444
0.024390243902439025 0.019050312324961377
0.024390243902439025 0.01798824507884113
0.024390243902439025 0.017797800565585813
0.024390243902439025 0.017077017257317126
0.024390243902439025 0.01640257047743789
0.024390243902439025 0.016842221186365646
0.024390243902439025 0.01774915253435982
0.024390243902439025 0.016327396696309778
0.024390243902439025 0.018433789508603998
0.024390243902439025 0.016608653387641958
0.024390243902439025 0.01657550338180083
0.024390243902439025 0.016837171267178094
0.02450980392156863 0.017836882974085807
0.02450980392156863 0.01721949785826877
0.02463054187192118 0.015632853670251634
0.02463054187192118 0.014413784313879791
0.02463054187192118 0.013293655367872605
0.02463054187192118 0.015747968272425854
0.02463054187192118 0.016435850785455945
0.02463054187192118 0.013836714786410985
0.02463054187192118 0.01412573719609501
0.02463054187192118 0.014254978331852615
0.02463054187192118 0.0144096428735663
0.02463054187192118 0.015840673617582245
0.02463054187192118 0.016167694216872128
0.02463054187192118 0.01586639602143277
0.02463054187192118 0.01687166872496236
0.02463054187192118 0.017869502011156585
0.02463054187192118 0.018504181807242073
0.02463054187192118 0.016442925038203538
0.02463054187192118 0.014789911250759463
0.02463054187192118 0.018328777393833325
0.02463054187192118 0.018141339504461566
0.02463054187192118 0.017494142092413064
0.02463054187192118 0.018823008580064426
0.02463054187192118 0.017905373039485417
0.02463054187192118 0.0204314886611623
0.02463054187192118 0.019784206205138932
0.02463054187192118 0.018148851182907957
0.02463054187192118 0.01843712228274403
0.02463054187192118 0.016162939299967385
0.02463054187192118 0.01916586431343118
0.02463054187192118 0.01845175805766538
0.02463054187192118 0.017604929687682708
0.02463054187192118 0.01816914304126162
0.025 0.017484294215834806
0.025 0.01699400091784307
0.025 0.01991504343707771
0.025 0.01899485688623302
0.025 0.015278231857070895
0.025 0.014686215081785444
0.025 0.016497703671195227
0.025 0.01826964365073194
0.025 0.018927918083239497
0.025 0.01629645640791562
0.025 0.014216699409363714
0.025 0.012604481306418015
0.025 0.013365548979126113
0.025 0.013902062953706586
0.025 0.01584831613065057
0.025 0.01768152186175839
0.025 0.01814786503611597
0.025 0.017145581387946574
0.025 0.017874881437468303
0.025 0.019560857099440478
0.025 0.020150053274683576
0.025 0.020648410122613533
0.025 0.018156317006475915
0.025 0.019550031929369504
0.025 0.01961186132393712
0.025 0.01682384238488264
0.025 0.019178981130512706
0.025 0.01960558601061215
0.025 0.020845845687836637
0.025 0.020528035855075177
0.025 0.01811275959298702
0.025 0.02002499510306451
0.025 0.01817963684417251
0.025 0.020485482940518995
0.025 0.020945427324455413
0.025 0.020527206850002443
0.025 0.018388435462191297
0.025 0.017458016934887736
0.025 0.01937274082221333
0.025 0.019006522108381788
0.025 0.018635317975081982
0.025 0.019800627005504876
0.025 0.01811925384683643
0.025 0.01542664144124381
0.025 0.014747257602729467
0.025 0.01535955190409245
0.025 0.01797260259796737
0.025 0.01789795486831029
0.025 0.01954084466678807
0.025 0.019519926801787237
0.025 0.01748348952586104
0.025 0.015943561759588477
0.025 0.01839757979761527
0.025 0.018139858072675943
0.025 0.01782713187123813
0.025 0.017938196654413353
0.025 0.01682998670906347
0.025 0.015801972490230597
0.025 0.01409091504327701
0.025 0.01710146196917843
0.025 0.01794634297119522
0.025 0.019651465112456877
0.025 0.0204720781653955
0.025 0.02056643160890028
0.025 0.020964514124441426
0.025 0.020544076369279872
0.025 0.020056269487826534
0.025 0.018071732571799726
0.025 0.017009361836596727
0.025 0.0180719880458465
0.025 0.018360426782209113
0.025 0.018097188501734463
0.025 0.017735162480146102
0.025 0.015927290408411475
0.025 0.017959580305403167
0.025 0.019567744040320377
0.025 0.017635088226458984
0.025 0.01850302509281922
0.025 0.018167422134481234
0.025 0.01702444927009969
0.025 0.017408438793799604
0.025 0.018835979698440034
0.025 0.01954391871003883
0.025 0.01993779853133252
0.025 0.01834268005997226
0.025 0.018466291012857176
0.025 0.01843227482206366
0.025 0.017199261336242392
0.025 0.017262807017560052
0.025 0.016522943167506004
0.025 0.01865369585463339
0.025 0.018113580652814633
0.025 0.017369101846701807
0.025 0.017062031478350812
0.025 0.017115573645615816
0.025 0.016329162782597578
0.025 0.017022757309322654
0.025 0.019117043410052735
0.025 0.018268845141246787
0.025 0.018634813186326912
0.025 0.020058821690412898
0.025 0.02006947445366227
0.025 0.019536597500305515
0.025 0.019079332900919732
0.025 0.017020326414871608
0.025 0.018820259031683727
0.025 0.017554626254222876
0.025 0.017052250985451548
0.025 0.017822498801208675
0.025 0.01712223457193148
0.025 0.01648537262652517
0.025 0.016430575558671324
0.025 0.017669458399237684
0.025 0.017554495039995323
0.025 0.01780268698652506
0.025 0.018285373568506076
0.025 0.020119685813949944
0.025 0.018842953195810013
0.025 0.01950186203311871
0.025 0.01891422207567391
0.025 0.01817842934575525
0.025 0.017338306382246968
0.025 0.0185100927060934
0.025 0.017578867824098093
0.025 0.018260958492141162
0.025 0.017480862394510546
0.025 0.015545618515852446
0.025 0.017925142624559267
0.025 0.01609502602759704
0.025 0.015772889925104464
0.025 0.016514115899326953
0.025 0.017696980552665078
0.025 0.01738896872099717
0.025 0.0187209633719361
0.025 0.017721372732599324
0.025 0.018590698106780996
0.025 0.017417745478308235
0.025 0.01740332596321401
0.025 0.014334475298754746
0.025 0.015791412991516332
0.025 0.019317975904382965
0.025 0.019432087240184737
0.025 0.017926244507397604
0.025 0.01860767928901184
0.025 0.018871663648950685
0.025 0.02003939903748006
0.025 0.019435448354222076
0.025 0.019074442603718513
0.025 0.017763292389770917
0.025 0.018254579278102756
0.025 0.018079424088029643
0.025 0.019054224031612055
0.025 0.016741521803559617
0.025 0.017054172813905165
0.025 0.015065597452050104
0.025 0.017820512866087074
0.025 0.01903177888855487
0.025 0.01927047582355117
0.025 0.016750797107485192
0.025 0.015321126948979134
0.025 0.017996247835897938
0.025 0.017846798968342636
0.025 0.01743269050243178
0.025 0.01756401769457892
0.025 0.018216751192122668
0.025 0.01521385035602699
0.025 0.017108775715241213
0.025 0.017958811840273217
0.025 0.01679173436365805
0.025 0.01687466856770815
0.025 0.017376516878293856
0.025 0.018572587891107
0.025 0.018292845132756818
0.025 0.018142307355184153
0.025 0.019030749349612915
0.025 0.01930549867096386
0.025 0.019803090247029514
0.025 0.01653715367721824
0.025 0.01588906335234252
0.025 0.01683791597654547
0.025 0.016980214486719325
0.025 0.01735349868957896
0.025 0.015795694720903784
0.025 0.017143410392754917
0.025 0.016198228608410827
0.025 0.01609146387872205
0.025 0.01759244735187469
0.025 0.01746629389899138
0.025 0.01684515190052051
0.025 0.01817369746963902
0.025 0.018295505823293604
0.025 0.01972385877266051
0.025 0.019088806637977487
0.025 0.018605907874362875
0.025 0.018708469504755798
0.025 0.016996045049292575
0.025 0.017229527710475343
0.025 0.01694032240121912
0.025 0.01701468683196569
0.025 0.01859421640276435
0.025 0.019357524423284544
0.025 0.019039576161359567
0.025 0.019760403540887372
0.025 0.018095324826873392
0.025 0.020525588539704254
0.025 0.022284514910321705
0.025 0.02092655924197902
0.025 0.020007567463497935
0.025 0.016133546115709073
0.025 0.014320730224841701
0.025 0.014894681588608169
0.025 0.016545163732340464
0.025 0.017127330510152625
0.025 0.019099303957537166
0.025 0.018880253084510575
0.025 0.01980334113318083
0.025 0.020426976828812345
0.025 0.017835612114996166
0.025 0.017225431987403866
0.025 0.017180621992210203
0.025 0.018104723662557533
0.025 0.01724126668682463
0.025 0.01642018713543225
0.025 0.01788254190599291
0.025 0.018904741342350703
0.025 0.01831178928102312
0.025 0.017172664319466447
0.025 0.019180423180666
0.025 0.017345728141588117
0.025 0.018246389070941133
0.025 0.018306950585567545
0.025 0.018709493425992454
0.025 0.01732204907453238
0.025 0.01725952850370304
0.025 0.018531846612643416
0.025 0.018341449666668962
0.025 0.019739005404896617
0.025 0.016350355124748438
0.025 0.014316129084541917
0.025 0.016013909760844346
0.025 0.017410371577406502
0.025 0.017090391511686898
0.025 0.016633726352517135
0.025 0.01626723396834269
0.025 0.01739410239066655
0.025 0.016328705039295545
0.025 0.017042792531370265
0.025 0.01795736374521581
0.025 0.015599365063045318
0.025 0.01691663483116044
0.025 0.017766864322597102
0.025 0.019199601293571317
0.025 0.017745308416682534
0.025 0.017590648558381536
0.025 0.01856481790053842
0.025 0.019531736657715987
0.025 0.019344211107501168
0.025 0.017081479551351787
0.025 0.01701736272923089
0.025 0.01775236851776513
0.025 0.01985139532389496
0.025 0.018819651484719414
0.025 0.020456855549758544
0.025 0.02132562691507833
0.025 0.018854556631918654
0.025 0.018775331825862353
0.025 0.018200949150623095
0.025 0.0192934062933225
0.025 0.019640844131386344
0.02551020408163265 0.016554904406186
0.02551020408163265 0.018098379829378248
0.02551020408163265 0.017535998628266887
0.02551020408163265 0.01760028328746618
0.02551020408163265 0.015897171115442928
0.026178010471204185 0.015939972613942567
0.026178010471204185 0.015297007525838482
0.026178010471204185 0.01645433834385621
0.026178010471204185 0.017666193844138655
0.026178010471204185 0.01759439529226613
0.026178010471204185 0.017950529196596118
0.026178010471204185 0.016745417619024365
0.026178010471204185 0.01822982565109958
0.026455026455026457 0.017319536463051528
0.026455026455026457 0.018232549561348267
0.026455026455026457 0.016216804477582464
0.026455026455026457 0.015360172677988582
0.026455026455026457 0.01480548110045635
0.026455026455026457 0.01716625627437219
0.026455026455026457 0.01606063499982497
0.026455026455026457 0.014699893073291708
0.026455026455026457 0.013793500577063874
0.026455026455026457 0.017093793989520583
0.026455026455026457 0.018612426580411397
0.026455026455026457 0.019839931451808242
0.026455026455026457 0.019853761217404297
0.026455026455026457 0.01975155436381221
0.026455026455026457 0.02139089206857654
0.026455026455026457 0.021087970924765276
0.026455026455026457 0.018079837361671618
0.026455026455026457 0.020731927817461072
0.026455026455026457 0.021975352865390357
0.026455026455026457 0.021262898341300306
0.026455026455026457 0.02033445501696158
0.026455026455026457 0.01913320015981741
0.026455026455026457 0.020092365809727758
0.026455026455026457 0.021858989044692953
0.026455026455026457 0.019297303321534367
0.026455026455026457 0.017788948627716784
0.026455026455026457 0.01670440278330666
0.026455026455026457 0.018687988268321666
0.026455026455026457 0.017388992274372694
0.026455026455026457 0.01780552282114835
0.026455026455026457 0.017709870767083892
0.026455026455026457 0.018965165516306663
0.026455026455026457 0.018897858393348482
0.026455026455026457 0.017007036841586276
0.026455026455026457 0.017977231636050292
0.026455026455026457 0.019443035327855605
0.026455026455026457 0.019443436596819748
0.026455026455026457 0.020561236694834326
0.026455026455026457 0.020250042314066716
0.026455026455026457 0.01874587665166435
0.026455026455026457 0.019171927241913297
0.026455026455026457 0.01699750960506114
0.026455026455026457 0.017382832409440024
0.026595744680851064 0.019309045258878766
0.026595744680851064 0.019156886195463508
0.026595744680851064 0.018905990302790884
0.026595744680851064 0.01830580728054683
0.026595744680851064 0.01866925150843098
0.026595744680851064 0.01689160462928683
0.026595744680851064 0.015137171642256206
0.026595744680851064 0.016258105615134237
0.026595744680851064 0.01716682780516091
0.026595744680851064 0.01981953994260813
0.026595744680851064 0.02072218797806202
0.026595744680851064 0.020764097358806844
0.026595744680851064 0.021428224773771865
0.026595744680851064 0.02079165128538461
0.026595744680851064 0.021302914205288594
0.026595744680851064 0.020066967356981946
0.026595744680851064 0.018731625068525947
0.026595744680851064 0.02124411585326805
0.026595744680851064 0.017495475065682532
0.026595744680851064 0.01808851782719431
0.026595744680851064 0.020668304877312485
0.026595744680851064 0.018831135354677026
0.026595744680851064 0.018808025097267513
0.026595744680851064 0.019074298781051834
0.026595744680851064 0.01836646623704708
0.026595744680851064 0.017885331022211227
0.026595744680851064 0.017761580430587363
0.026595744680851064 0.018766885953501802
0.026595744680851064 0.019101681952794627
0.026595744680851064 0.019507693493709427
0.026595744680851064 0.01973381124172705
0.026595744680851064 0.018758186771101967
0.026595744680851064 0.020617946343934216
0.026595744680851064 0.019802908194346814
0.026595744680851064 0.02030135839312125
0.026595744680851064 0.019815252948208913
0.026595744680851064 0.020977408031658974
0.026595744680851064 0.02014990265871769
0.026595744680851064 0.01809394418830761
0.026595744680851064 0.018033522410717075
0.026595744680851064 0.018345703636126025
0.026595744680851064 0.01775009883700884
0.026595744680851064 0.016255766897810026
0.026595744680851064 0.01907306356333332
0.026595744680851064 0.019296909324538102
0.026595744680851064 0.02107685063754964
0.026595744680851064 0.01936246975335585
0.026595744680851064 0.020772159469595913
0.026595744680851064 0.019122547489472567
0.026595744680851064 0.019017095563618816
