4345.0 11855.633802816901
4345.0 10475.772277227723
4352.0 9473.079207920791
3560.0 8725.0
3560.0 7590.287128712871
2435.0 7374.465346534654
2435.0 7004.376237623763
2435.0 6206.60396039604
2435.0 6110.188118811881
3216.0 5454.227722772277
1990.0 4777.267326732674
1990.0 4467.831683168317
2375.0 4180.782178217822
2375.0 3879.3861386138615
2375.0 3181.910891089109
1557.0 3402.90099009901
1557.0 3291.207920792079
1557.0 3074.138613861386
1557.0 3098.019801980198
2042.0 3180.841584158416
2042.0 2894.6435643564355
2042.0 3077.7821782178216
2042.0 3111.831683168317
2042.0 3062.5742574257424
2042.0 3062.3762376237623
2042.0 3133.5841584158416
2042.0 2889.6039603960394
1675.0 2775.4158415841584
1675.0 2810.940594059406
1675.0 2527.980198019802
1675.0 2334.4158415841584
1675.0 2525.70297029703
1675.0 2417.3366336633662
1675.0 2513.940594059406
1675.0 2542.6237623762377
1021.0 2401.5148514851485
1021.0 2114.732673267327
1021.0 2042.1782178217823
1021.0 1998.1683168316831
1021.0 1961.2673267326732
1021.0 1794.2079207920792
1021.0 1878.7029702970297
848.0 1916.980198019802
626.0 1910.9108910891089
626.0 1700.6336633663366
626.0 1458.3168316831684
626.0 1605.930693069307
626.0 1594.970297029703
626.0 1506.3960396039604
626.0 1517.5148514851485
626.0 1549.9405940594058
626.0 1428.5742574257426
626.0 1592.5940594059407
626.0 1392.7128712871288
626.0 1227.8019801980197
626.0 1075.7722772277227
626.0 989.5742574257425
626.0 1332.5148514851485
626.0 1104.6831683168316
626.0 1165.4059405940593
626.0 1494.09900990099
626.0 1349.970297029703
626.0 1122.5841584158416
626.0 1184.950495049505
626.0 1652.1089108910892
626.0 1462.3762376237623
626.0 1496.2574257425742
626.0 1473.039603960396
626.0 1432.7227722772277
626.0 1269.970297029703
580.0 1534.980198019802
580.0 1374.6732673267327
580.0 1274.118811881188
580.0 1559.2079207920792
580.0 1463.2178217821781
580.0 1349.7722772277227
580.0 1185.1980198019803
580.0 1158.0594059405942
580.0 1235.2574257425742
580.0 1523.4653465346535
580.0 1145.3564356435643
580.0 1196.1287128712872
523.0 1121.1782178217823
523.0 1098.4752475247524
273.0 1189.5148514851485
273.0 1261.6237623762377
273.0 1264.009900990099
271.0 1075.881188118812
271.0 1302.2673267326732
271.0 1201.2475247524753
271.0 1144.6930693069307
271.0 1201.8910891089108
271.0 1188.7425742574258
271.0 1061.7524752475247
271.0 977.940594059406
271.0 1139.9405940594058
271.0 1033.8316831683169
271.0 897.2475247524752
271.0 978.8118811881188
271.0 766.5742574257425
271.0 1073.970297029703
271.0 1037.7821782178219
271.0 803.3465346534654
271.0 950.6633663366337
271.0 983.6534653465346
271.0 964.0297029702971
271.0 1096.6237623762377
271.0 1061.9108910891089
271.0 1092.6633663366338
271.0 819.9009900990098
271.0 1101.1881188118812
271.0 896.7920792079208
271.0 1035.2178217821781
271.0 1394.4950495049504
271.0 1450.1881188118812
271.0 1577.5445544554455
271.0 1203.3960396039604
271.0 1344.970297029703
271.0 1043.4356435643565
271.0 1149.6138613861385
271.0 1265.5940594059407
271.0 1118.0891089108911
271.0 684.7821782178218
271.0 886.4158415841584
271.0 1115.7920792079208
271.0 818.3465346534654
271.0 738.0990099009902
271.0 1003.8118811881188
271.0 1078.5841584158416
271.0 1227.7920792079208
271.0 878.3663366336634
271.0 1099.5346534653465
271.0 1280.4158415841584
271.0 934.1188118811881
271.0 1049.4752475247524
268.0 1019.6435643564356
268.0 1092.3960396039604
268.0 896.4059405940594
268.0 833.6435643564356
268.0 962.7029702970297
268.0 1187.6633663366338
268.0 1136.6534653465346
268.0 1330.1089108910892
268.0 1112.079207920792
268.0 997.3366336633663
268.0 946.9702970297029
268.0 1049.2673267326732
264.0 1022.6732673267327
264.0 843.5940594059406
264.0 854.2475247524752
264.0 1039.5742574257426
264.0 959.039603960396
264.0 1424.950495049505
264.0 1418.5049504950496
264.0 1468.7425742574258
264.0 1558.2574257425742
264.0 1291.6930693069307
264.0 960.0990099009902
264.0 1087.5643564356435
264.0 1376.9108910891089
264.0 1119.90099009901
264.0 1054.930693069307
264.0 1211.851485148515
264.0 1340.019801980198
264.0 1292.2574257425742
264.0 1000.3465346534654
264.0 909.8217821782179
264.0 1087.3267326732673
264.0 1268.1980198019803
264.0 1251.9405940594058
264.0 896.8613861386139
264.0 858.2178217821782
264.0 1042.7029702970297
264.0 1017.4653465346535
264.0 810.5643564356436
264.0 747.039603960396
264.0 940.3267326732673
264.0 903.3861386138614
264.0 1157.6138613861385
264.0 1049.8613861386139
264.0 870.4752475247525
264.0 994.4851485148515
264.0 823.0792079207921
264.0 1018.1683168316831
264.0 1118.4752475247524
264.0 881.4158415841584
264.0 824.7524752475248
264.0 871.7425742574258
264.0 1128.09900990099
264.0 1166.3960396039604
264.0 1303.2871287128712
264.0 1318.2376237623762
264.0 1068.7425742574258
264.0 1391.1386138613861
264.0 849.4257425742575
227.0 1170.7722772277227
227.0 840.6039603960396
227.0 1014.3366336633663
227.0 1000.8811881188119
227.0 1050.7524752475247
227.0 1156.5742574257426
227.0 1310.970297029703
225.0 1173.2574257425742
225.0 902.7425742574258
225.0 892.980198019802
225.0 674.5742574257425
225.0 1064.039603960396
225.0 959.4554455445544
225.0 948.9108910891089
225.0 936.940594059406
236.0 970.1980198019802
236.0 1041.1287128712872
236.0 841.3564356435644
236.0 965.5643564356436
236.0 802.950495049505
236.0 1118.3366336633662
236.0 949.2277227722773
236.0 1015.039603960396
236.0 896.4455445544554
236.0 1192.8712871287128
236.0 1363.4752475247524
236.0 1247.2376237623762
236.0 994.4554455445544
236.0 831.0891089108911
236.0 1109.8415841584158
236.0 1025.3960396039604
236.0 613.2376237623762
236.0 767.1287128712871
236.0 903.6534653465346
236.0 958.5346534653465
236.0 1195.2970297029703
236.0 1299.3465346534654
236.0 1040.6435643564357
236.0 949.5643564356436
236.0 1013.6633663366337
236.0 915.3168316831683
236.0 1175.920792079208
236.0 926.4950495049505
236.0 971.4059405940594
236.0 770.1980198019802
236.0 1092.8415841584158
236.0 1114.4554455445545
236.0 964.019801980198
219.0 847.3960396039604
219.0 1100.980198019802
219.0 970.1485148514852
219.0 1073.8910891089108
219.0 1221.950495049505
219.0 1013.4653465346535
219.0 1061.09900990099
219.0 1070.90099009901
219.0 1042.2772277227723
219.0 1275.148514851485
219.0 729.1980198019802
219.0 553.2376237623762
219.0 850.4851485148515
219.0 754.1386138613861
219.0 1088.6435643564357
219.0 1186.8316831683169
219.0 1234.1881188118812
219.0 989.0297029702971
219.0 1267.8910891089108
219.0 1020.5049504950495
219.0 961.0693069306931
219.0 1380.2376237623762
219.0 1597.7326732673268
219.0 1509.118811881188
219.0 1393.960396039604
219.0 1195.4554455445545
219.0 1243.3663366336634
219.0 1329.2475247524753
219.0 1074.5148514851485
219.0 889.7029702970297
219.0 1131.049504950495
219.0 941.5247524752475
219.0 1214.8316831683169
219.0 893.2277227722773
219.0 1221.7920792079208
219.0 970.8316831683169
219.0 1253.4653465346535
219.0 1175.851485148515
219.0 974.8514851485148
219.0 1047.4158415841584
219.0 894.1188118811881
219.0 778.5841584158416
219.0 966.9108910891089
219.0 1314.3168316831684
219.0 1208.8316831683169
219.0 1205.4554455445545
219.0 1072.3960396039604
219.0 1103.5445544554455
219.0 1064.019801980198
219.0 1016.5742574257425
219.0 1233.3564356435643
219.0 943.4455445544554
219.0 1005.6435643564356
219.0 927.1683168316831
219.0 921.9009900990098
219.0 1042.0891089108911
219.0 964.6732673267327
219.0 743.2376237623762
219.0 890.3069306930693
219.0 906.8811881188119
219.0 836.7425742574258
219.0 1096.5049504950496
219.0 1215.7029702970297
219.0 1299.3663366336634
219.0 1052.4752475247524
219.0 802.6138613861386
219.0 1239.2574257425742
219.0 1217.5544554455446
219.0 881.1683168316831
219.0 1074.3960396039604
219.0 773.2376237623762
219.0 689.7425742574258
219.0 801.3069306930693
219.0 1122.930693069307
219.0 1019.039603960396
219.0 985.3366336633663
219.0 976.4059405940594
219.0 1175.4752475247524
219.0 1148.1584158415842
219.0 1014.0891089108911
219.0 1059.930693069307
219.0 1192.2178217821781
219.0 677.980198019802
219.0 925.3069306930693
219.0 980.4851485148515
219.0 897.019801980198
219.0 722.3069306930693
219.0 913.960396039604
219.0 1150.3069306930693
219.0 1148.5445544554455
219.0 985.039603960396
219.0 1001.049504950495
219.0 696.3762376237623
219.0 825.7227722772277
219.0 976.1881188118812
219.0 981.8514851485148
219.0 666.5940594059406
219.0 985.2475247524752
219.0 1083.6633663366338
219.0 880.7920792079208
219.0 1097.6435643564357
219.0 1363.2376237623762
219.0 1190.7821782178219
219.0 1184.4158415841584
219.0 1132.0
219.0 1059.0
219.0 929.1287128712871
219.0 930.3861386138614
219.0 852.7722772277227
219.0 768.009900990099
219.0 935.5346534653465
219.0 1043.4752475247524
219.0 891.049504950495
219.0 1095.5643564356435
219.0 1011.0990099009902
219.0 1178.8613861386139
219.0 1022.9108910891089
219.0 1101.960396039604
219.0 1168.3762376237623
219.0 986.5445544554456
219.0 942.1188118811881
219.0 884.3960396039604
219.0 1077.4851485148515
219.0 1006.8613861386139
219.0 884.6336633663366
219.0 659.7029702970297
219.0 953.5346534653465
219.0 884.4950495049505
219.0 945.9009900990098
219.0 1197.6039603960396
219.0 839.6732673267327
219.0 686.5643564356436
219.0 708.0297029702971
219.0 936.5643564356436
219.0 919.3663366336634
219.0 804.2079207920792
219.0 1011.7623762376238
219.0 1286.7326732673268
219.0 780.2970297029703
219.0 1046.7326732673268
219.0 796.8811881188119
219.0 1156.7425742574258
219.0 923.2277227722773
219.0 1041.079207920792
219.0 1091.6138613861385
219.0 1417.1584158415842
219.0 1156.6237623762377
219.0 1194.029702970297
219.0 838.8217821782179
219.0 860.4158415841584
219.0 952.1683168316831
219.0 1071.8217821782177
219.0 1081.5940594059407
219.0 1093.5049504950496
219.0 1120.5841584158416
219.0 812.5049504950495
219.0 701.5247524752475
219.0 823.7227722772277
219.0 934.7128712871287
219.0 756.1089108910891
219.0 792.4257425742575
219.0 990.5841584158416
219.0 1072.6633663366338
219.0 671.2376237623762
219.0 898.1584158415842
219.0 886.6930693069307
219.0 869.5742574257425
219.0 989.2376237623762
219.0 1163.7326732673268
219.0 1099.2871287128712
219.0 865.019801980198
219.0 813.980198019802
190.0 782.6138613861386
190.0 829.6039603960396
190.0 975.6138613861386
190.0 1334.8613861386139
190.0 1233.09900990099
190.0 992.7821782178218
190.0 1221.2178217821781
190.0 1270.7920792079208
190.0 1100.3762376237623
190.0 898.8415841584158
190.0 876.3663366336634
190.0 789.9207920792079
190.0 740.0792079207921
190.0 968.9702970297029
190.0 708.980198019802
190.0 994.2178217821782
190.0 1125.7227722772277
190.0 1208.0
190.0 888.960396039604
190.0 1124.8019801980197
190.0 1289.8712871287128
190.0 1142.5841584158416
190.0 1144.3069306930693
190.0 1115.1683168316831
190.0 1356.079207920792
190.0 1129.5544554455446
190.0 1004.1980198019802
190.0 736.6831683168317
190.0 887.4653465346535
190.0 999.8316831683169
190.0 889.2772277227723
190.0 928.7821782178218
190.0 673.4059405940594
190.0 944.2574257425742
190.0 1191.2970297029703
190.0 1251.0594059405942
190.0 1022.049504950495
190.0 1009.1881188118812
190.0 862.4653465346535
190.0 939.2673267326733
190.0 1117.5247524752476
190.0 1344.2475247524753
190.0 959.1980198019802
190.0 881.039603960396
190.0 905.3663366336634
190.0 1175.2574257425742
190.0 834.9702970297029
190.0 970.8613861386139
190.0 1385.90099009901
190.0 1260.0594059405942
190.0 1115.7722772277227
190.0 978.3960396039604
190.0 1004.7425742574258
190.0 783.1287128712871
190.0 808.7524752475248
190.0 882.9009900990098
190.0 852.7227722772277
190.0 1201.4752475247524
190.0 696.9306930693069
170.0 949.2772277227723
170.0 949.2673267326733
170.0 870.5445544554456
170.0 912.009900990099
170.0 1020.9702970297029
170.0 976.2277227722773
170.0 949.4851485148515
170.0 827.7425742574258
170.0 809.8514851485148
170.0 1165.029702970297
170.0 1196.7128712871288
170.0 1095.5643564356435
170.0 1288.8910891089108
170.0 1116.148514851485
170.0 1012.6732673267327
170.0 1386.2871287128712
170.0 1295.7128712871288
170.0 948.2079207920792
170.0 1049.5247524752476
170.0 1076.1782178217823
170.0 1042.049504950495
170.0 1230.4257425742574
170.0 1006.0891089108911
170.0 702.3960396039604
170.0 896.7425742574258
170.0 890.7821782178218
170.0 1291.1287128712872
170.0 937.5742574257425
170.0 1009.009900990099
170.0 1133.8118811881188
170.0 937.8217821782179
170.0 896.3762376237623
170.0 1049.881188118812
170.0 986.1089108910891
170.0 945.940594059406
170.0 1281.9405940594058
170.0 1201.920792079208
170.0 901.2871287128713
170.0 727.8712871287129
170.0 1281.7227722772277
170.0 1132.5049504950496
170.0 818.5247524752475
170.0 879.940594059406
170.0 1314.8613861386139
170.0 987.2277227722773
170.0 742.4554455445544
170.0 848.5148514851485
170.0 811.3960396039604
170.0 969.7623762376238
170.0 726.5940594059406
170.0 772.3861386138614
170.0 1005.2574257425742
170.0 1019.7029702970297
170.0 810.0693069306931
170.0 1052.8118811881188
170.0 885.1683168316831
170.0 824.2871287128713
168.0 865.0990099009902
168.0 1049.881188118812
168.0 966.2970297029703
168.0 1243.6138613861385
168.0 1445.8217821782177
168.0 1566.148514851485
168.0 1289.2871287128712
168.0 1181.9108910891089
168.0 1002.5841584158416
168.0 1126.5643564356435
168.0 1054.2079207920792
168.0 1043.1089108910892
168.0 1084.920792079208
168.0 909.3861386138614
168.0 792.9306930693069
168.0 1043.3960396039604
168.0 822.950495049505
168.0 1176.1287128712872
168.0 980.5247524752475
168.0 852.5247524752475
168.0 1010.9108910891089
168.0 687.049504950495
168.0 796.980198019802
168.0 927.3861386138614
168.0 839.5841584158416
168.0 1203.5148514851485
168.0 785.8118811881188
168.0 1106.148514851485
168.0 870.4059405940594
168.0 899.2970297029703
168.0 1237.4059405940593
168.0 1154.4455445544554
168.0 981.990099009901
168.0 1013.5247524752475
168.0 831.9009900990098
168.0 917.4158415841584
168.0 690.6039603960396
168.0 693.9702970297029
168.0 947.3861386138614
168.0 1033.5346534653465
168.0 972.9108910891089
168.0 1016.980198019802
168.0 1217.90099009901
168.0 1454.5940594059407
168.0 902.2277227722773
168.0 906.1089108910891
168.0 775.1089108910891
168.0 732.2475247524752
168.0 828.1386138613861
168.0 873.0891089108911
168.0 571.8613861386139
168.0 651.2178217821782
168.0 822.5247524752475
168.0 837.4752475247525
168.0 974.1881188118812
168.0 809.4752475247525
168.0 492.15841584158414
168.0 737.4257425742575
168.0 889.9702970297029
168.0 929.8910891089109
168.0 545.7821782178218
168.0 942.3861386138614
168.0 1379.0
168.0 1368.930693069307
168.0 1310.2376237623762
168.0 1048.4653465346535
168.0 1240.2871287128712
168.0 1026.0
168.0 1139.4653465346535
168.0 815.8910891089109
168.0 845.8217821782179
168.0 784.009900990099
168.0 860.8712871287129
168.0 560.7722772277227
168.0 736.2079207920792
168.0 774.3465346534654
168.0 938.1584158415842
168.0 1167.8415841584158
168.0 1282.7425742574258
168.0 1100.8613861386139
168.0 1020.5940594059406
168.0 1001.7722772277227
168.0 874.2970297029703
168.0 840.6336633663366
168.0 980.8019801980198
168.0 1056.2079207920792
168.0 1016.7722772277227
168.0 874.2079207920792
168.0 1139.5544554455446
168.0 1197.8712871287128
168.0 975.3267326732673
168.0 922.6138613861386
168.0 1002.059405940594
168.0 947.0792079207921
168.0 821.7623762376238
168.0 939.2970297029703
168.0 1047.7227722772277
168.0 993.2673267326733
168.0 909.4752475247525
168.0 893.5841584158416
168.0 760.8910891089109
168.0 929.6732673267327
168.0 983.2772277227723
168.0 924.0792079207921
168.0 818.8613861386139
168.0 794.5643564356436
168.0 963.5940594059406
168.0 828.0891089108911
168.0 914.1881188118812
168.0 736.1287128712871
168.0 727.9306930693069
168.0 1024.3564356435643
168.0 1008.6831683168317
168.0 976.5148514851485
168.0 887.6138613861386
168.0 820.5841584158416
168.0 704.2277227722773
168.0 904.7722772277227
168.0 979.1188118811881
168.0 873.019801980198
168.0 1050.7821782178219
168.0 1037.8019801980197
168.0 790.4752475247525
168.0 820.0792079207921
168.0 787.5742574257425
168.0 752.009900990099
168.0 749.2277227722773
168.0 627.2475247524752
168.0 896.0990099009902
168.0 1127.0891089108911
168.0 982.5940594059406
168.0 821.8910891089109
168.0 758.8910891089109
168.0 1038.960396039604
168.0 884.3168316831683
168.0 848.9702970297029
168.0 901.7029702970297
168.0 904.2970297029703
168.0 911.019801980198
168.0 1041.0594059405942
168.0 722.9306930693069
168.0 889.0297029702971
168.0 813.3267326732673
168.0 1098.4158415841584
168.0 1028.1584158415842
168.0 662.2871287128713
168.0 698.1485148514852
168.0 870.049504950495
168.0 758.7326732673267
168.0 823.9702970297029
168.0 1247.9405940594058
168.0 878.8811881188119
168.0 847.3960396039604
168.0 766.8217821782179
168.0 877.2970297029703
168.0 905.1287128712871
168.0 986.9009900990098
168.0 881.4851485148515
168.0 903.2475247524752
168.0 956.7821782178218
168.0 717.7227722772277
168.0 828.7029702970297
168.0 847.8514851485148
168.0 910.4455445544554
168.0 695.8514851485148
168.0 568.1485148514852
168.0 846.6435643564356
168.0 993.7425742574258
168.0 1063.0594059405942
168.0 602.0297029702971
168.0 1238.8118811881188
168.0 763.0990099009902
168.0 925.7722772277227
168.0 1111.1980198019803
168.0 1000.4158415841584
168.0 1375.7623762376238
168.0 1133.8712871287128
168.0 1035.3960396039604
168.0 1137.7920792079208
168.0 966.009900990099
168.0 1219.2970297029703
167.0 1185.6039603960396
167.0 890.059405940594
167.0 802.4851485148515
167.0 812.049504950495
167.0 1089.7425742574258
167.0 973.7425742574258
167.0 864.8811881188119
167.0 1057.7425742574258
167.0 1125.1782178217823
167.0 1191.8316831683169
167.0 1135.148514851485
167.0 1173.3465346534654
167.0 931.7623762376238
167.0 782.990099009901
167.0 902.0891089108911
147.0 1071.7128712871288
147.0 958.2178217821782
147.0 1001.059405940594
147.0 900.6732673267327
147.0 922.5841584158416
147.0 895.9108910891089
147.0 1162.019801980198
147.0 802.6237623762377
147.0 766.6138613861386
147.0 843.059405940594
147.0 971.9702970297029
147.0 915.8019801980198
147.0 852.009900990099
147.0 1151.8910891089108
147.0 797.5049504950495
147.0 901.5742574257425
147.0 1137.8217821782177
147.0 1448.90099009901
147.0 752.3762376237623
147.0 802.2178217821782
147.0 935.5049504950495
147.0 1263.6435643564357
147.0 841.3465346534654
147.0 1139.851485148515
148.0 1061.2574257425742
148.0 1055.3366336633662
148.0 1147.7722772277227
148.0 1208.2376237623762
148.0 1157.881188118812
148.0 866.5544554455446
148.0 1204.1089108910892
148.0 974.4059405940594
147.0 691.3663366336634
147.0 1147.4752475247524
147.0 766.6633663366337
147.0 1080.3960396039604
147.0 811.059405940594
147.0 836.8019801980198
147.0 1274.4653465346535
147.0 1177.4554455445545
147.0 854.3168316831683
147.0 1211.7623762376238
147.0 1033.7623762376238
147.0 884.3069306930693
147.0 740.7623762376238
147.0 774.1584158415842
147.0 990.9702970297029
147.0 601.5247524752475
147.0 1033.5643564356435
147.0 1347.029702970297
147.0 1451.2772277227723
147.0 1118.079207920792
147.0 872.6930693069307
147.0 838.940594059406
147.0 1073.1881188118812
147.0 957.1683168316831
147.0 1162.1980198019803
147.0 1230.881188118812
147.0 1287.6039603960396
147.0 1185.4059405940593
147.0 1322.8415841584158
147.0 1252.960396039604
147.0 865.0891089108911
147.0 1333.2376237623762
147.0 937.7029702970297
147.0 936.2871287128713
147.0 1015.2079207920792
147.0 1113.019801980198
147.0 874.6336633663366
147.0 970.8613861386139
147.0 784.5841584158416
147.0 636.019801980198
147.0 686.3564356435644
147.0 713.5148514851485
147.0 693.940594059406
147.0 844.059405940594
147.0 754.5643564356436
147.0 1116.1386138613861
147.0 1169.6336633663366
147.0 1158.960396039604
147.0 901.3366336633663
147.0 805.7524752475248
147.0 1138.4554455445545
147.0 1064.990099009901
147.0 978.2970297029703
147.0 883.0891089108911
147.0 873.8514851485148
147.0 832.5841584158416
147.0 877.6435643564356
147.0 1071.5148514851485
147.0 1066.5148514851485
147.0 899.0891089108911
147.0 1327.2871287128712
147.0 898.3762376237623
147.0 839.9009900990098
147.0 1048.1881188118812
147.0 787.5247524752475
147.0 1014.1584158415842
147.0 676.1584158415842
147.0 875.3960396039604
147.0 979.0990099009902
147.0 816.5445544554456
147.0 853.7425742574258
147.0 604.980198019802
147.0 700.2871287128713
147.0 971.8910891089109
147.0 750.009900990099
147.0 703.6534653465346
147.0 694.5940594059406
147.0 1028.3564356435643
147.0 1041.079207920792
147.0 1009.3267326732673
147.0 811.3267326732673
147.0 859.990099009901
147.0 644.1485148514852
147.0 826.9207920792079
147.0 987.4158415841584
147.0 982.0
147.0 716.4851485148515
147.0 879.4752475247525
147.0 796.059405940594
147.0 976.9702970297029
147.0 968.3366336633663
147.0 1207.5643564356435
147.0 1335.0
147.0 1098.148514851485
147.0 1000.2079207920792
147.0 679.8415841584158
147.0 951.5643564356436
147.0 844.8613861386139
147.0 685.4356435643564
147.0 933.4257425742575
147.0 859.5841584158416
147.0 830.8712871287129
147.0 835.1782178217821
147.0 909.7920792079208
147.0 699.2178217821782
147.0 693.5544554455446
147.0 780.4257425742575
147.0 599.0
147.0 677.7722772277227
147.0 956.1980198019802
147.0 1084.0
147.0 762.5643564356436
147.0 934.8316831683169
147.0 738.1980198019802
147.0 944.3960396039604
147.0 1017.1485148514852
147.0 1064.5148514851485
147.0 1238.5346534653465
147.0 1232.990099009901
147.0 1026.7920792079208
147.0 906.2970297029703
147.0 837.3465346534654
147.0 1022.3267326732673
147.0 816.3663366336634
147.0 601.4455445544554
147.0 989.6336633663366
147.0 978.3465346534654
147.0 940.009900990099
147.0 826.2376237623762
147.0 802.960396039604
147.0 856.7623762376238
147.0 1121.5247524752476
147.0 830.3564356435644
147.0 918.9108910891089
147.0 735.1485148514852
147.0 631.049504950495
147.0 918.8514851485148
147.0 626.4158415841584
147.0 830.5742574257425
147.0 743.6633663366337
147.0 792.049504950495
147.0 1223.8217821782177
147.0 1712.2277227722773
147.0 1577.4356435643565
147.0 1065.0594059405942
147.0 1073.3663366336634
147.0 1129.009900990099
147.0 742.6930693069307
147.0 725.5940594059406
147.0 1027.118811881188
147.0 1058.7128712871288
144.0 1138.3465346534654
144.0 1287.1386138613861
144.0 854.8712871287129
144.0 766.3366336633663
144.0 879.3366336633663
144.0 670.5544554455446
144.0 783.0297029702971
144.0 850.8811881188119
144.0 1039.6138613861385
144.0 894.8415841584158
144.0 1011.5742574257425
144.0 859.7326732673267
144.0 871.6534653465346
144.0 1201.5049504950496
144.0 1323.4950495049504
144.0 987.3465346534654
144.0 795.2376237623762
144.0 959.990099009901
144.0 840.2475247524752
144.0 1012.8811881188119
144.0 868.5742574257425
144.0 971.0297029702971
144.0 1251.4950495049504
144.0 1070.3861386138615
144.0 1232.009900990099
144.0 789.6138613861386
144.0 1051.2079207920792
144.0 635.4851485148515
144.0 612.8118811881188
142.0 762.1980198019802
142.0 929.6633663366337
142.0 709.1980198019802
142.0 701.1287128712871
142.0 683.8415841584158
142.0 895.7029702970297
142.0 990.4158415841584
142.0 675.9009900990098
142.0 722.6138613861386
142.0 1035.980198019802
142.0 713.6336633663366
142.0 733.2673267326733
142.0 920.1584158415842
142.0 882.5940594059406
142.0 627.6534653465346
142.0 617.3564356435644
142.0 817.1782178217821
142.0 853.4752475247525
142.0 863.049504950495
142.0 907.3069306930693
142.0 532.2871287128713
142.0 611.4851485148515
142.0 790.9207920792079
142.0 998.4059405940594
142.0 895.2871287128713
142.0 783.8514851485148
142.0 801.3960396039604
142.0 750.6237623762377
142.0 1047.5148514851485
142.0 906.3366336633663
142.0 1303.019801980198
142.0 866.6633663366337
142.0 759.8613861386139
142.0 885.5544554455446
142.0 858.1188118811881
142.0 1081.6336633663366
142.0 827.5247524752475
142.0 1160.8217821782177
142.0 1196.5346534653465
142.0 1034.990099009901
142.0 1028.7326732673268
142.0 937.5148514851485
142.0 814.6633663366337
142.0 828.1287128712871
142.0 980.4554455445544
142.0 836.4752475247525
142.0 665.2475247524752
142.0 1097.990099009901
142.0 1081.5742574257426
142.0 867.5049504950495
142.0 580.1881188118812
142.0 696.4851485148515
142.0 901.5346534653465
142.0 842.6138613861386
142.0 874.960396039604
142.0 1123.3069306930693
142.0 754.8415841584158
142.0 715.8910891089109
142.0 791.8415841584158
142.0 703.7128712871287
142.0 1195.930693069307
