6.825938566552901E-4 3.9226734321272193E-4
6.825938566552901E-4 4.253407558802405E-4
6.83526999316473E-4 4.5985094933459155E-4
8.435970980259827E-4 4.995693706457246E-4
8.435970980259827E-4 5.271853799899977E-4
9.611687812379853E-4 5.720255061541428E-4
0.0011205737337516809 6.380861592447039E-4
0.0011205737337516809 6.842085613598285E-4
0.0011205737337516809 7.318862896440186E-4
0.0013919821826280624 8.457991600028917E-4
0.001529987760097919 8.944154276625327E-4
0.001529987760097919 9.76599814049803E-4
0.0026838432635534083 0.0011178011284210727
0.0026838432635534083 0.0011635348880847907
0.0026838432635534083 0.00123928319286645
0.0026838432635534083 0.0012863358351206265
0.0026838432635534083 0.0014291128851775213
0.0026838432635534083 0.0014745148543909635
0.003105590062111801 0.0015717263280919727
0.003105590062111801 0.0016245807959037962
0.003105590062111801 0.0016173580662307428
0.003396739130434783 0.0020988681267096396
0.003396739130434783 0.00218613813051811
0.003396739130434783 0.002342816137011239
0.003396739130434783 0.002294951388562071
0.003396739130434783 0.0023983261944989275
0.003933910306845004 0.002430627448609696
0.003933910306845004 0.002461492910185241
0.003933910306845004 0.0024685790986143093
0.004321521175453759 0.002454070779506224
0.004321521175453759 0.0023424135958934234
0.004321521175453759 0.0025100198637003817
0.004321521175453759 0.0025740294209744947
0.004725897920604915 0.0030066033108828143
0.004725897920604915 0.002843736641475475
0.004725897920604915 0.002799947291150374
0.004725897920604915 0.0028508618098126745
0.004725897920604915 0.0030292993768085957
0.004725897920604915 0.0029736293093854723
0.00483558994197292 0.0029015108312188346
0.005208333333333333 0.0027577915290831236
0.005208333333333333 0.0027380991604609183
0.0056179775280898875 0.003059134304497543
0.0056179775280898875 0.003129377806860068
0.0056179775280898875 0.003294019630938966
0.0056179775280898875 0.0034343547067754014
0.0056179775280898875 0.003294746782566294
0.007407407407407408 0.003613866805584525
0.007407407407407408 0.0035993777634321655
0.007407407407407408 0.0032757292048232185
0.007407407407407408 0.0032425803521851284
0.007407407407407408 0.0035468861944121196
0.007407407407407408 0.0037452997480054845
0.007407407407407408 0.0042116090717005256
0.007407407407407408 0.0045015147491700444
0.007407407407407408 0.00426387103681456
0.007407407407407408 0.004184010907681286
0.008561643835616438 0.004624683722705586
0.008561643835616438 0.004403317045348151
0.008561643835616438 0.004640671485266671
0.008561643835616438 0.005222428721393355
0.008561643835616438 0.005190208802061666
0.008561643835616438 0.005207499791967502
0.008561643835616438 0.005491080891335797
0.008561643835616438 0.005089961354639706
0.008561643835616438 0.005085449970445453
0.008561643835616438 0.004780484697245841
0.008635578583765112 0.0041320487452799586
0.008635578583765112 0.004699447432181696
0.008635578583765112 0.00514935325300635
0.008635578583765112 0.005088996477347372
0.008635578583765112 0.0048112933622566825
0.008635578583765112 0.0052187615170209995
0.008635578583765112 0.0050030023269065325
0.008635578583765112 0.005297079133152655
0.01016260162601626 0.00596893388365245
0.01016260162601626 0.0059822904890873265
0.01016260162601626 0.006702117886138137
0.01016260162601626 0.006837636966824517
0.010183299389002037 0.0065809260452906705
0.010183299389002037 0.007476049600244689
0.010183299389002037 0.007590662459843756
0.010183299389002037 0.00643212549504542
0.010183299389002037 0.006267555638607258
0.010183299389002037 0.006104726314193325
0.010183299389002037 0.007056996087938335
0.010183299389002037 0.00819349619164751
0.010224948875255624 0.008000235143153978
0.010224948875255624 0.007382345346615369
0.010224948875255624 0.007722399944252714
0.010224948875255624 0.007442806869835196
0.010224948875255624 0.007609322637945831
0.010224948875255624 0.008336133866061862
0.010224948875255624 0.007344531264052778
0.010224948875255624 0.006955043606731069
0.010224948875255624 0.007561697209091536
0.010224948875255624 0.007327271315949065
0.010224948875255624 0.007187049016231775
0.010224948875255624 0.007486135760706775
0.010224948875255624 0.007291141137094006
0.010224948875255624 0.007755308383329949
0.010224948875255624 0.008199733402503
0.010224948875255624 0.007628108916239653
0.010224948875255624 0.007662255221566618
0.010224948875255624 0.00704580583247208
0.010224948875255624 0.0063493244532209815
0.010224948875255624 0.006904500308258885
0.010224948875255624 0.007580949873590563
0.010224948875255624 0.007242739653836038
0.010224948875255624 0.0076223237977145015
0.010224948875255624 0.008848188715154685
0.010224948875255624 0.008098404372355298
0.010224948875255624 0.007703988504330788
0.010224948875255624 0.00772513444045232
0.010224948875255624 0.007605768387079967
0.010224948875255624 0.007905302953546162
0.012690355329949238 0.006988623706625759
0.012690355329949238 0.008225451165013433
0.012690355329949238 0.007654671097306869
0.012690355329949238 0.008259714799141582
0.012690355329949238 0.00852233604116957
0.012690355329949238 0.008011425807416669
0.012690355329949238 0.007536419545903426
0.012690355329949238 0.007419211542966874
0.012690355329949238 0.008841189973733602
0.012690355329949238 0.009863929922437198
0.012690355329949238 0.008832071159637904
0.012690355329949238 0.009032594053634256
0.012690355329949238 0.008791870507642238
0.012690355329949238 0.008685925678813246
0.012690355329949238 0.008883099403232947
0.012690355329949238 0.008563117021210674
0.012690355329949238 0.010054865504713031
0.012690355329949238 0.009810966996080708
0.012690355329949238 0.010408052569520276
0.012690355329949238 0.009707339612917408
0.012690355329949238 0.00962542639874449
0.012690355329949238 0.009609789959387483
0.012690355329949238 0.010132235619204283
0.012690355329949238 0.009223808380215215
0.012690355329949238 0.009710912007705
0.012690355329949238 0.009525606749369487
0.015197568389057751 0.009627796541493913
0.015197568389057751 0.010259088156720149
0.015197568389057751 0.009744506529697406
0.015197568389057751 0.009328105753163509
0.015197568389057751 0.010295582119870368
0.015197568389057751 0.010317532145922825
0.015197568389057751 0.011380296449120975
0.015197568389057751 0.010815211810949871
0.015197568389057751 0.011533578211154765
0.015197568389057751 0.011943472129251634
0.015197568389057751 0.011439265290278246
0.015197568389057751 0.010793622815783147
0.015197568389057751 0.010856272178068381
0.015197568389057751 0.010116217033910645
0.015197568389057751 0.010269133966887322
0.015197568389057751 0.010741001673694656
0.015197568389057751 0.00959487707232227
0.015197568389057751 0.010299660673842886
0.015197568389057751 0.011571516803591022
0.015197568389057751 0.011616916711641934
0.015197568389057751 0.010896916978787165
0.015197568389057751 0.01246435908950542
0.015197568389057751 0.012239256014312982
0.015197568389057751 0.0118075286515883
0.015197568389057751 0.01236004406879265
0.015197568389057751 0.010857482849432202
0.015197568389057751 0.011765687423935488
0.015243902439024392 0.0102004243716874
0.015243902439024392 0.009893626760584735
0.015243902439024392 0.011588391992522413
0.015243902439024392 0.011823366747752575
0.015243902439024392 0.011321666183228595
0.015243902439024392 0.01082566978179384
0.015243902439024392 0.010576003864326914
0.015243902439024392 0.010580826565270839
0.015243902439024392 0.01024886076496968
0.015243902439024392 0.009785521125151502
0.015243902439024392 0.010334807976740424
0.015243902439024392 0.009720952821174786
0.015243902439024392 0.011547369537105941
0.015243902439024392 0.011127544036900512
0.015243902439024392 0.012606558900303232
0.015243902439024392 0.012944478224165114
0.015243902439024392 0.011716878115993083
0.015243902439024392 0.011309316814184818
0.015243902439024392 0.011284574895342679
0.015243902439024392 0.009969984076880342
0.015243902439024392 0.010464946677636556
0.015243902439024392 0.011117320476305889
0.015243902439024392 0.010253588022223085
0.015243902439024392 0.010657914679737914
0.015243902439024392 0.011737890984648695
0.015243902439024392 0.011966652785375958
0.015243902439024392 0.011170964774934258
0.017605633802816902 0.011698510035797418
0.017605633802816902 0.011308285260010584
0.017605633802816902 0.010537535961915508
0.017605633802816902 0.010409073854844731
0.017605633802816902 0.011057210312205924
0.017605633802816902 0.010389515556626809
0.017605633802816902 0.011717527301021853
0.017605633802816902 0.012990861932328244
0.017605633802816902 0.013079482313908
0.017605633802816902 0.012789420368634482
0.017605633802816902 0.014427665904627563
0.017605633802816902 0.013539174379391717
0.017605633802816902 0.012889187265707197
0.017605633802816902 0.012680404994839608
0.017605633802816902 0.013663361816136716
0.017605633802816902 0.014230851824909792
0.017605633802816902 0.013839961920598547
0.017605633802816902 0.014319098750618717
0.017605633802816902 0.013033552650076686
0.017605633802816902 0.01255203847035218
0.017605633802816902 0.013012924392503584
0.017605633802816902 0.013774283483806113
0.0176678445229682 0.013262329434787033
0.0176678445229682 0.013424456548522283
0.0176678445229682 0.013213742558736334
0.0176678445229682 0.012075885590533417
0.0176678445229682 0.013954509153606486
0.0176678445229682 0.01364586620125629
0.0176678445229682 0.012321124421931342
0.0176678445229682 0.01195640649815255
0.0176678445229682 0.01169140007121285
0.0176678445229682 0.0116942922940108
0.0176678445229682 0.012891332087237138
0.0176678445229682 0.012942199552606504
0.0176678445229682 0.013076429408970311
0.0176678445229682 0.013337044007432882
0.0176678445229682 0.013578412363714673
0.0176678445229682 0.014374417124771957
0.0176678445229682 0.013450601348956339
0.021367521367521368 0.013379085456735251
0.021367521367521368 0.014215923946042373
0.021367521367521368 0.014952685588598963
0.021367521367521368 0.012487960104867826
0.021367521367521368 0.012262159626501708
0.021367521367521368 0.014182536115843797
0.03937007874015748 0.013617014501804995
0.03937007874015748 0.014184130420930334
0.03937007874015748 0.014408103217461913
0.03937007874015748 0.016631053391205144
0.03937007874015748 0.018541906769672153
0.03937007874015748 0.02116040734760171
0.03937007874015748 0.02279255911070698
0.03937007874015748 0.028875120012893572
0.03937007874015748 0.027693957188192196
0.03937007874015748 0.028669921039298673
0.03937007874015748 0.02256617360282212
0.03937007874015748 0.024029864957151006
0.03937007874015748 0.02492775932546735
0.03937007874015748 0.027650633091656284
0.03937007874015748 0.02780558596909924
0.03937007874015748 0.03282194356863598
0.03937007874015748 0.029242165361739358
0.03937007874015748 0.02848977045475203
0.03937007874015748 0.03159374758265669
0.03937007874015748 0.029864072006815442
0.03937007874015748 0.029939671501450566
0.03937007874015748 0.030471339179474328
0.03937007874015748 0.030427031111367554
0.03937007874015748 0.031276269700238814
0.03937007874015748 0.02798229007820155
0.03937007874015748 0.02926732143160277
0.03937007874015748 0.02763778098471302
0.03937007874015748 0.030107276795664998
0.03937007874015748 0.02693256032807261
0.03937007874015748 0.03029797323894032
0.03937007874015748 0.02961245881055191
0.03937007874015748 0.02794064416301427
0.03937007874015748 0.026836407340273302
0.03937007874015748 0.02866122936621293
0.03937007874015748 0.025429081259249496
0.03937007874015748 0.02677732392726143
0.03937007874015748 0.029035086791532633
0.03937007874015748 0.030763032669523335
0.03937007874015748 0.031061385970603032
0.03937007874015748 0.02813421765801239
0.03937007874015748 0.028818899794242098
0.03937007874015748 0.027290957756350574
0.03937007874015748 0.02492497622989261
0.03937007874015748 0.02192082705860307
0.03937007874015748 0.023403532662008435
0.03937007874015748 0.025751315550644808
0.03937007874015748 0.02232280407503756
0.03937007874015748 0.02574604734887722
0.03937007874015748 0.026338438408014198
0.03937007874015748 0.026475945387694537
0.03937007874015748 0.02549302791971251
0.03937007874015748 0.024177747038611308
0.03937007874015748 0.03085335750782037
0.03937007874015748 0.026871117772303155
0.03937007874015748 0.02701010593003568
0.03937007874015748 0.02730683195107821
0.03937007874015748 0.02854354210685019
0.03937007874015748 0.03118561324002825
0.03937007874015748 0.029484348352806087
0.03937007874015748 0.02748066805068571
0.03937007874015748 0.029493723269415826
0.03937007874015748 0.02662272907608999
0.03937007874015748 0.024417736076830156
0.03937007874015748 0.02294875335354437
0.03937007874015748 0.026851529803034107
0.03937007874015748 0.031051247782758144
0.03937007874015748 0.028621876812438073
0.03937007874015748 0.029538740685370584
0.03937007874015748 0.02953989998455621
0.03937007874015748 0.02647083086981942
0.03937007874015748 0.02726300618405598
0.03937007874015748 0.02711370674773684
0.03937007874015748 0.02776121748096551
0.03937007874015748 0.030112534924666926
0.03937007874015748 0.029552405001918917
0.03937007874015748 0.028896722094801566
0.03937007874015748 0.02517565619651003
0.03937007874015748 0.022796457124152788
0.03937007874015748 0.02554185829178602
0.03937007874015748 0.02387679488837495
0.03937007874015748 0.026274367037435527
0.03937007874015748 0.02902242214312445
0.03937007874015748 0.025612557868704772
0.03937007874015748 0.02475885162456173
0.03937007874015748 0.026615210284066607
0.03937007874015748 0.03081114634739075
0.03937007874015748 0.029104048237376254
0.03937007874015748 0.02632692622713723
0.03937007874015748 0.025284352850141377
0.03937007874015748 0.02674947524329887
0.03937007874015748 0.028728156551153163
0.03937007874015748 0.029418991984071958
0.03937007874015748 0.02824646836686521
0.03937007874015748 0.025656247692353217
0.03937007874015748 0.02226896619639223
0.03937007874015748 0.026568213174008745
0.03937007874015748 0.027770869370799235
0.03937007874015748 0.029848683204670247
0.03937007874015748 0.02732101131219559
0.03937007874015748 0.027194808195755843
0.03937007874015748 0.030810441600906593
0.03937007874015748 0.028480126690217603
0.03937007874015748 0.027313264551485604
0.03937007874015748 0.02697887999707095
0.03937007874015748 0.02572145419345882
0.03937007874015748 0.02960912903340497
0.03937007874015748 0.027042991821949375
0.03937007874015748 0.028720658615145063
0.03937007874015748 0.02707238495021362
0.03937007874015748 0.02841423067484469
0.03937007874015748 0.02663980227201179
0.03937007874015748 0.025828661732556407
0.03937007874015748 0.025233751043360814
0.03937007874015748 0.025062916520585198
0.03937007874015748 0.02925827755312692
0.03937007874015748 0.02688612994215497
0.03937007874015748 0.028163978892774312
0.03937007874015748 0.025801551877335197
0.03937007874015748 0.023449760025153164
0.03937007874015748 0.02259280224154813
0.03937007874015748 0.024303422326295492
0.03937007874015748 0.029106180444363493
0.03937007874015748 0.025904481702277653
0.03937007874015748 0.026064316539011357
0.03937007874015748 0.02567169710248301
0.03937007874015748 0.025801859039547986
0.03937007874015748 0.026036761161753103
0.03937007874015748 0.029907280861296244
0.03937007874015748 0.030497653208884184
0.03937007874015748 0.02882480448581698
0.03937007874015748 0.029075797104444558
0.03937007874015748 0.030215436183893652
0.03937007874015748 0.02985744293329357
0.03937007874015748 0.03281876380424302
0.03937007874015748 0.028576381958978235
0.03937007874015748 0.026676414595456024
0.03937007874015748 0.02747730131792453
0.03937007874015748 0.032271641100384496
0.03937007874015748 0.02842818867631217
0.03937007874015748 0.029246983686735575
0.03937007874015748 0.025982011777170806
0.03937007874015748 0.02693802180394085
0.03937007874015748 0.027923179527322508
0.03937007874015748 0.031025703457995914
0.03937007874015748 0.03099370043221271
0.03937007874015748 0.030193856893864005
0.03937007874015748 0.02669933255939119
0.03937007874015748 0.023214085491785864
0.03937007874015748 0.02837554747239786
0.03937007874015748 0.025545477457695816
0.03937007874015748 0.027444245350207366
0.03937007874015748 0.02906909146495057
0.03937007874015748 0.024822915563422636
0.03937007874015748 0.026646279398996862
0.03937007874015748 0.02389206107967568
0.03937007874015748 0.023662357501507223
0.03937007874015748 0.026987610010453814
0.03937007874015748 0.02728304412727701
0.03937007874015748 0.023789111550721023
0.03937007874015748 0.02962380819124784
0.03937007874015748 0.02936364595005814
0.03937007874015748 0.03022864843609499
0.03937007874015748 0.030767740214284797
0.03937007874015748 0.031548746014271434
0.03937007874015748 0.031037087795302634
0.03937007874015748 0.03126789356639668
0.03937007874015748 0.031283404503139996
0.03937007874015748 0.030313866910985306
0.03937007874015748 0.03151502877621609
0.03937007874015748 0.03030979034363727
0.03937007874015748 0.02923390336028245
0.03937007874015748 0.026118975884311463
0.03937007874015748 0.02562832040711563
0.03937007874015748 0.024920601622290248
0.03937007874015748 0.025459270101436192
0.03937007874015748 0.027242899403653605
0.03937007874015748 0.02746405295739929
0.03937007874015748 0.02753796479934421
0.03937007874015748 0.02583226818120363
0.03937007874015748 0.026517279363690457
0.03937007874015748 0.025153416035578743
0.03937007874015748 0.02501885108993738
0.03937007874015748 0.02866538626761633
0.03937007874015748 0.03135056162321326
0.03937007874015748 0.027932787187179828
0.03937007874015748 0.027015173943507415
0.03937007874015748 0.025047327214499548
0.03937007874015748 0.028745942766797043
0.03937007874015748 0.028402307589137338
0.03937007874015748 0.028455317333554695
0.03937007874015748 0.02722797011950212
0.03937007874015748 0.030307491531797615
0.03937007874015748 0.029038136950098027
0.03937007874015748 0.030328891249898203
0.03937007874015748 0.02843708857847133
0.03937007874015748 0.03031767921347338
0.03937007874015748 0.03141278429387624
0.03937007874015748 0.029311669548061418
0.03937007874015748 0.02683954830015932
0.03937007874015748 0.026971973903023656
0.03937007874015748 0.028018161166763582
0.03937007874015748 0.027107208220084212
0.03937007874015748 0.028843211738745374
0.03937007874015748 0.026593320144224653
0.03937007874015748 0.026860211544956353
0.03937007874015748 0.028866073784123304
0.03937007874015748 0.02746046298989081
0.03937007874015748 0.023299874214072896
0.03937007874015748 0.025262022468766944
0.03937007874015748 0.029091990914071233
0.03937007874015748 0.027091936770673942
0.03937007874015748 0.027545530148155035
0.03937007874015748 0.03031551954294152
0.03937007874015748 0.028741200809558942
0.03937007874015748 0.02332572991344583
0.03937007874015748 0.02202200931152976
0.03937007874015748 0.02115732628093598
0.03937007874015748 0.025260834786004226
0.03937007874015748 0.026127771648805795
0.03937007874015748 0.026008712847785918
0.03937007874015748 0.024633240063457087
0.03937007874015748 0.023271683192169306
0.03937007874015748 0.02364308750813194
0.03937007874015748 0.023473941261659057
0.03937007874015748 0.023932296008653122
0.03937007874015748 0.02582300805072805
0.03937007874015748 0.027256677345426777
0.03937007874015748 0.02944451539177982
0.03937007874015748 0.02783966127649969
0.03937007874015748 0.02683586012994712
0.03937007874015748 0.02890386412180164
0.03937007874015748 0.03040366736452026
0.03937007874015748 0.030447939318336316
0.03937007874015748 0.03008590552995035
0.03937007874015748 0.032492169557680944
0.03937007874015748 0.031041046763013197
0.03937007874015748 0.029297544998996936
0.03937007874015748 0.027799339949875154
0.03937007874015748 0.025300383409046917
0.03937007874015748 0.02640890962603417
0.03937007874015748 0.024756906716159478
0.03937007874015748 0.027434240627205786
0.03937007874015748 0.029196619349311816
0.03937007874015748 0.03006743330652369
0.03937007874015748 0.03056982307267283
0.03937007874015748 0.02670271442785784
0.03937007874015748 0.029187248976015722
0.03937007874015748 0.029501348659903535
0.03937007874015748 0.02923481425665671
0.03937007874015748 0.031202363351399566
0.03937007874015748 0.027217551109896588
0.03937007874015748 0.02491790448537093
0.03937007874015748 0.02792478705428173
0.03937007874015748 0.027058259470458246
0.03937007874015748 0.027153676247013495
0.03937007874015748 0.030732959884253154
0.03937007874015748 0.028541060475336954
0.03937007874015748 0.027700901767253466
0.03937007874015748 0.02401489863911016
0.03937007874015748 0.02550349874663361
0.03937007874015748 0.02938094674557261
0.03937007874015748 0.025952074663157583
0.03937007874015748 0.030822564302546186
0.03937007874015748 0.0288607190551143
0.03937007874015748 0.028197344966202822
0.03937007874015748 0.028603411523268677
0.03937007874015748 0.033575234391946165
0.03937007874015748 0.02841139933343183
0.03937007874015748 0.03015989155265692
0.03937007874015748 0.029698572543246843
0.03937007874015748 0.030147477164532633
0.03937007874015748 0.029278818587865182
0.03937007874015748 0.02877557538383429
0.03937007874015748 0.02910233605231166
0.03937007874015748 0.030701930542231304
0.03937007874015748 0.02818867799729506
0.03937007874015748 0.02757352251553929
0.03937007874015748 0.025708338070795103
0.03937007874015748 0.025386217117856005
0.03937007874015748 0.028742313394727353
0.03937007874015748 0.03126003440914717
0.03937007874015748 0.030123112097452512
0.03937007874015748 0.03127146752258031
0.03937007874015748 0.032417648790427404
0.03937007874015748 0.029848683631842822
0.03937007874015748 0.034206655059634196
0.03937007874015748 0.033298499034483
0.03937007874015748 0.03383927835830328
0.03937007874015748 0.029529118364413718
0.03937007874015748 0.02859776948027943
0.03968253968253968 0.027824949074990068
0.03968253968253968 0.025602834776123216
0.03968253968253968 0.025534785071488132
0.03968253968253968 0.02636654400085953
0.03968253968253968 0.026699166766913616
0.03968253968253968 0.023674737731880554
0.03968253968253968 0.024633922107182064
0.03968253968253968 0.024685279691854155
0.03968253968253968 0.026442965762964975
0.03968253968253968 0.02574239880772886
0.03968253968253968 0.027541795548320105
0.03968253968253968 0.02284500616081954
0.03968253968253968 0.022192637915734947
0.03968253968253968 0.023747422575074017
0.03968253968253968 0.02914024720551669
0.03968253968253968 0.029087290628185526
0.03968253968253968 0.02842510871005941
0.03968253968253968 0.027546268367916616
0.03968253968253968 0.031198620872219744
0.03968253968253968 0.028536908874805433
0.03968253968253968 0.031623259105873346
0.03968253968253968 0.027656912462229823
0.03968253968253968 0.02564601526995334
0.03968253968253968 0.028382527775642565
0.03968253968253968 0.03235582502074149
0.03968253968253968 0.03190767405320433
0.03968253968253968 0.030893324882388842
0.03968253968253968 0.03106784203526697
0.03968253968253968 0.031780794732779956
0.03968253968253968 0.03073324847546459
0.03968253968253968 0.028321995014687545
0.03968253968253968 0.027314606118185022
0.03968253968253968 0.028270981391268876
0.03968253968253968 0.027824851238781697
0.03968253968253968 0.02984933384359899
0.03968253968253968 0.029540280327642773
0.03968253968253968 0.029877324271900967
0.03968253968253968 0.029704602725866423
0.03968253968253968 0.028442370342108707
0.03968253968253968 0.031032646231862266
0.03968253968253968 0.03001181200370337
0.03968253968253968 0.030542409408736253
0.03968253968253968 0.029942662775193887
0.03968253968253968 0.02938374012103903
0.03968253968253968 0.030841494178104834
0.03968253968253968 0.03120344466336155
0.03968253968253968 0.030522387765249778
0.03968253968253968 0.030649407942853663
0.03968253968253968 0.03219816839205867
0.03968253968253968 0.031966116817330706
0.03968253968253968 0.03151710579971871
0.03968253968253968 0.032566873473699236
0.03968253968253968 0.03289047896700677
0.03968253968253968 0.03133450376052779
0.03968253968253968 0.030355145388173597
0.03968253968253968 0.030437801979687245
0.03968253968253968 0.03012090368042384
0.03968253968253968 0.0281318636836871
0.03968253968253968 0.026860780805371628
0.03968253968253968 0.025581097561019846
0.03968253968253968 0.027620477621737846
0.03968253968253968 0.025419161469147213
0.03968253968253968 0.029247543932347013
0.03968253968253968 0.023415188700714438
0.03968253968253968 0.0235168284460089
0.04 0.024084109163759682
0.04 0.023025676347683953
0.04 0.02458013579673082
0.04 0.025276875771229727
0.04 0.028041376575136525
0.04 0.03216794037269577
0.04 0.029474484716271065
0.04 0.034056794435252294
0.04 0.03357334299846271
0.04 0.029440629953753343
0.04 0.02516191031067954
0.04 0.02781022117017675
0.04 0.03003457766788999
0.04 0.028721123932340043
0.04 0.029449978150360854
0.04 0.02800124012908497
0.04 0.03159256991768945
0.04 0.03197417972834146
0.04 0.028051152462161156
0.04 0.02667849951299819
0.04 0.030773045810763466
0.04 0.02806796404054384
0.04 0.026483328382350207
0.04 0.025873700196952232
0.04 0.02979488439658845
0.04 0.03022859289682275
0.04 0.027554887566087167
0.04 0.026754071597385642
0.04032258064516129 0.027261311234380324
0.04032258064516129 0.02799114652589601
0.04032258064516129 0.028120904660286748
0.04032258064516129 0.029820078259349743
0.04032258064516129 0.02807891417197518
0.04032258064516129 0.028979857934515522
0.04032258064516129 0.02755803350293211
0.04032258064516129 0.026880900896342853
0.04032258064516129 0.027026798008091726
0.04032258064516129 0.029427794785300557
0.04032258064516129 0.030214302733725776
0.04132231404958678 0.029187589546251638
0.04132231404958678 0.026983723840529307
0.04132231404958678 0.02782898745823723
0.04132231404958678 0.02386196597425402
0.04132231404958678 0.026438341156337666
0.04132231404958678 0.030220238646000434
0.04132231404958678 0.032914193016059176
0.04132231404958678 0.03213490674153359
0.04132231404958678 0.030715764525762558
0.04132231404958678 0.031297170690380335
0.04132231404958678 0.031214750445360304
0.04132231404958678 0.02706629123888355
0.04132231404958678 0.027980469285527793
0.04132231404958678 0.026830648751160997
0.04132231404958678 0.02994103755768475
0.04132231404958678 0.027844885582872608
0.04132231404958678 0.0316808610774996
0.04132231404958678 0.03359218184218999
0.04132231404958678 0.0322027379979972
0.04132231404958678 0.03394387856063031
0.04132231404958678 0.03200485926672902
0.04132231404958678 0.03500497975699702
0.04132231404958678 0.03362818589215715
0.04132231404958678 0.030372113371045877
0.04132231404958678 0.027174061846931642
0.04132231404958678 0.027830182953483835
0.04132231404958678 0.02937563982024822
0.04132231404958678 0.03010335408113836
0.04132231404958678 0.03146665285105299
0.04132231404958678 0.03172091005560665
0.04132231404958678 0.028568899788377632
0.04132231404958678 0.02825889445162838
0.04132231404958678 0.02896498770657689
0.04132231404958678 0.030119138580580816
0.04132231404958678 0.02859110832772648
0.04132231404958678 0.02955621072572615
0.04132231404958678 0.029411639967082296
0.04132231404958678 0.026527373770973594
0.04132231404958678 0.027885546859896346
0.04132231404958678 0.027469189308055027
0.04132231404958678 0.03073578337301801
0.04132231404958678 0.028817917687136475
0.04132231404958678 0.026262379377795946
0.04132231404958678 0.029959059256919485
0.04132231404958678 0.030074792658506558
0.04132231404958678 0.028697221804598296
0.04132231404958678 0.027402816109403243
0.04132231404958678 0.031227302919401675
0.04132231404958678 0.03291073810226866
0.04132231404958678 0.03024470644436361
0.04132231404958678 0.028629419146138237
0.04132231404958678 0.027379582625467202
0.04132231404958678 0.027100136935032857
0.04132231404958678 0.02872852462255511
0.04132231404958678 0.02941367553353403
0.04132231404958678 0.029692502592204455
0.04132231404958678 0.03263937837372485
0.04132231404958678 0.034836439831907096
0.04132231404958678 0.03130706957916923
0.04132231404958678 0.027755985972115316
0.04132231404958678 0.02862649809622556
0.04132231404958678 0.026485825434798122
0.04132231404958678 0.027789378443263093
0.04132231404958678 0.029390839234355006
0.04132231404958678 0.031872733117266246
0.04132231404958678 0.030702945369149155
0.04132231404958678 0.034639567107605095
0.04132231404958678 0.03050139640729456
0.04132231404958678 0.03150554951131607
0.04132231404958678 0.029470014596767114
0.04132231404958678 0.03206761972681927
0.04132231404958678 0.03164990309433079
0.04132231404958678 0.02987685678455486
0.04132231404958678 0.026686725829318372
0.04132231404958678 0.028989160158548587
0.04132231404958678 0.026690001020676694
0.04132231404958678 0.027877760672474498
0.04132231404958678 0.026910694209955618
0.04132231404958678 0.028755551429758917
0.04132231404958678 0.029201567743567736
0.04132231404958678 0.02860317144896526
0.04132231404958678 0.029797111673327853
0.04132231404958678 0.03003328852196751
0.04132231404958678 0.030549557619027997
0.04132231404958678 0.031213362589321718
0.04132231404958678 0.031961073198626136
0.04132231404958678 0.03408522966347106
0.04132231404958678 0.033423761595003695
0.04132231404958678 0.02876477180686726
0.04132231404958678 0.03142539601230158
0.04132231404958678 0.030322441908475422
0.04132231404958678 0.027270164119060587
0.04132231404958678 0.028626803520199896
0.04132231404958678 0.028547576203955947
0.04132231404958678 0.030201668441799136
0.04132231404958678 0.031510804616172804
0.04132231404958678 0.031800949002239225
0.04132231404958678 0.027741685381379368
0.04132231404958678 0.02652815795150767
0.04132231404958678 0.029016619415508607
0.04132231404958678 0.029217926102241446
0.04132231404958678 0.029699601976625193
0.04132231404958678 0.03195924439065354
0.04132231404958678 0.03168439030124038
0.04132231404958678 0.030647442437635803
0.04132231404958678 0.028524024748385782
0.04132231404958678 0.030294708026184242
0.04132231404958678 0.029156848433036727
0.04132231404958678 0.02663140591354668
0.04132231404958678 0.026790284542923336
0.04132231404958678 0.028251667709813726
0.04132231404958678 0.03287938170563279
0.04132231404958678 0.02704356796988096
0.04132231404958678 0.02488026868519564
0.04132231404958678 0.025003645141056886
0.04132231404958678 0.023945815007467473
0.04132231404958678 0.025773914138688774
0.04132231404958678 0.026308116226286496
0.04132231404958678 0.02603006258913464
0.04132231404958678 0.026001577656905268
0.04132231404958678 0.027888304133801712
0.04132231404958678 0.02967614304634642
0.04132231404958678 0.03098349785007851
0.04132231404958678 0.028107109435387405
0.04132231404958678 0.03103296917616672
0.04132231404958678 0.03528417111401157
0.04132231404958678 0.033944287817168566
0.04132231404958678 0.03354382050745671
0.04132231404958678 0.030042590026205875
0.04132231404958678 0.030659365121015605
0.04132231404958678 0.030231220870776718
0.04132231404958678 0.03375970294701417
0.04132231404958678 0.030402492300378895
0.04132231404958678 0.03299206475643573
0.04132231404958678 0.03496646115640704
0.04132231404958678 0.032546799487375135
0.04132231404958678 0.030609881581678183
0.04132231404958678 0.0301473553453005
0.04132231404958678 0.03533392245563593
0.04132231404958678 0.030797311656438404
0.04132231404958678 0.030565484584446658
0.04132231404958678 0.029278997494937835
0.04132231404958678 0.029341476495772244
0.04132231404958678 0.03328235440547379
0.04132231404958678 0.030571601953838644
0.04132231404958678 0.030343744078498724
0.04132231404958678 0.030443213431227904
0.04132231404958678 0.030606955630527656
0.04132231404958678 0.03221050338237233
0.04132231404958678 0.029737697516156295
0.04132231404958678 0.024116395386018542
0.04132231404958678 0.02891316355608348
0.04132231404958678 0.03162414694726338
0.04132231404958678 0.028640047297816176
0.04132231404958678 0.030783698150066537
0.04132231404958678 0.0306251351357706
0.04132231404958678 0.033786862532085744
0.04132231404958678 0.03199837388265142
0.04132231404958678 0.028913477447899877
0.04132231404958678 0.031273389191972464
0.04132231404958678 0.02939508861860646
0.04132231404958678 0.026184243099122963
0.04132231404958678 0.027138785906763458
0.04132231404958678 0.03087826483517429
0.04132231404958678 0.03197509578286414
0.04132231404958678 0.03308570308676648
0.04132231404958678 0.03432229044179848
0.04132231404958678 0.0279145468375938
0.04132231404958678 0.029956705636187363
0.04132231404958678 0.027664136612798606
0.04132231404958678 0.025275847853663738
0.04132231404958678 0.029838619026384103
0.04132231404958678 0.029978713010630917
0.04132231404958678 0.031671861980000236
0.04132231404958678 0.03165569094660652
0.04132231404958678 0.03138541475208069
0.04132231404958678 0.029870023550673815
0.04132231404958678 0.030349852018403255
0.04132231404958678 0.03360531160192257
0.04132231404958678 0.032379487689713805
0.04132231404958678 0.030767739523668524
0.04132231404958678 0.025795391787603702
0.04132231404958678 0.02591807689775859
0.04132231404958678 0.02693064770664446
0.04132231404958678 0.02798046207334637
0.04132231404958678 0.028718486819821844
0.04132231404958678 0.028657134622014472
0.04132231404958678 0.026933493527079622
0.04132231404958678 0.030641503943518215
0.04132231404958678 0.03227235375430068
0.04132231404958678 0.029453092377145718
0.04132231404958678 0.02758730063825212
0.041666666666666664 0.029567831316177406
0.041666666666666664 0.029597184553048196
0.041666666666666664 0.02835807495215973
0.041666666666666664 0.028221145828590668
0.041666666666666664 0.02950360506701194
0.041666666666666664 0.029612456446574877
0.041666666666666664 0.026842758710719294
0.041666666666666664 0.025440168848038843
0.041666666666666664 0.02697410148236776
0.041666666666666664 0.0231616658109325
0.041666666666666664 0.02500134397921874
0.041666666666666664 0.02413873356993119
0.041666666666666664 0.02411354208191407
0.041666666666666664 0.02532189815537851
0.041666666666666664 0.027000747089584866
0.041666666666666664 0.02452068373366213
0.041666666666666664 0.024266579102999376
0.041666666666666664 0.025121549998971617
0.041666666666666664 0.025304030049885507
0.041666666666666664 0.02736471587461242
0.041666666666666664 0.03140492796661021
0.041666666666666664 0.032698881217634874
0.041666666666666664 0.029665607168950774
0.041666666666666664 0.032465784333236845
0.041666666666666664 0.03293001704432441
0.041666666666666664 0.02977281275939431
0.041666666666666664 0.029072021452559164
0.041666666666666664 0.029933477986565798
0.041666666666666664 0.02895039773787782
0.041666666666666664 0.03139517712793569
0.041666666666666664 0.0342900544413222
0.041666666666666664 0.0318007893366259
0.041666666666666664 0.03299580313836758
0.041666666666666664 0.031720540998696915
0.041666666666666664 0.032155856565886855
0.04201680672268907 0.03210612340613286
0.04201680672268907 0.02883392312549953
0.04201680672268907 0.030881684934891105
0.04201680672268907 0.03241170760993648
0.04201680672268907 0.03153566150424586
0.04201680672268907 0.02626042923470723
0.04201680672268907 0.027028367953306046
0.04201680672268907 0.02669038157327141
0.04201680672268907 0.026893623066536892
0.04201680672268907 0.030362771388044867
0.04201680672268907 0.03418512949487521
0.04201680672268907 0.03155027273329384
0.04201680672268907 0.03017195889201613
0.04201680672268907 0.033046412706980055
0.04201680672268907 0.035009784170212464
0.04201680672268907 0.03266639773319369
0.04201680672268907 0.03257519379464953
0.04201680672268907 0.031216164176715522
0.04201680672268907 0.02653096772502084
0.04201680672268907 0.03150098927914657
0.04201680672268907 0.030279686934106508
0.04201680672268907 0.03057956137627185
0.04201680672268907 0.03209662080680868
0.04201680672268907 0.028254714442196422
0.04201680672268907 0.026558276859405736
0.04201680672268907 0.029909599487248383
0.04201680672268907 0.027758798612011477
0.04201680672268907 0.03015188151364213
0.04201680672268907 0.027351658054883283
0.04201680672268907 0.030811606532999324
0.04310344827586207 0.03529551750590872
0.04310344827586207 0.029387735250086568
0.04310344827586207 0.02675180593422092
0.04310344827586207 0.026284669274576938
0.04310344827586207 0.026112957699293247
0.04310344827586207 0.027269708592938927
0.04310344827586207 0.02833874189095224
0.04310344827586207 0.0270098162121857
0.04310344827586207 0.028028467606845596
0.04310344827586207 0.025294629775131985
0.04310344827586207 0.02852484760678475
0.04310344827586207 0.028962899086531217
0.04310344827586207 0.02445809529389504
0.04310344827586207 0.020016220277071926
0.04310344827586207 0.026589605415509695
0.04310344827586207 0.02773238691581771
0.04310344827586207 0.03092625490026286
0.04310344827586207 0.029768541863414984
0.04310344827586207 0.02962183894882475
0.04310344827586207 0.029852156304666304
0.04310344827586207 0.03274623002306091
0.04310344827586207 0.029787564564964973
0.04310344827586207 0.03082282044294237
0.04310344827586207 0.02966986705458274
0.04310344827586207 0.029176918471614674
0.04310344827586207 0.030468923225845043
0.04310344827586207 0.034183115900040466
0.04310344827586207 0.03274121873434513
0.04310344827586207 0.03501171009742913
0.04310344827586207 0.03527666701680047
0.04310344827586207 0.030998288985549363
0.04310344827586207 0.033118273253582034
0.04310344827586207 0.032107038508414225
0.04310344827586207 0.03181605451958153
0.04310344827586207 0.030106908909620915
0.04310344827586207 0.029959991697266486
0.04310344827586207 0.028608803313588616
0.04310344827586207 0.030448856632785452
0.04310344827586207 0.029962387369403057
0.04310344827586207 0.03365755975623796
0.04310344827586207 0.03246315925616109
0.04310344827586207 0.03376087781070851
0.04310344827586207 0.03312888365311974
0.04310344827586207 0.034314883329225984
0.04310344827586207 0.030682026784437846
0.04310344827586207 0.029471407668994344
0.04310344827586207 0.03211227444128773
0.04310344827586207 0.030597472485852574
0.04310344827586207 0.03569723187722666
0.04310344827586207 0.03289321368483954
0.04310344827586207 0.03360072489808368
0.04310344827586207 0.02994149371061571
0.04310344827586207 0.030676220904098547
0.04310344827586207 0.031151975729957704
0.04310344827586207 0.025060758128189815
0.04310344827586207 0.026518741881423388
0.04310344827586207 0.03305020146719015
0.04310344827586207 0.0313902753836083
0.04310344827586207 0.03267185732366957
0.04310344827586207 0.034735444143859866
0.04310344827586207 0.036202162762222975
0.04310344827586207 0.034713927289789184
0.04310344827586207 0.03517951756145006
0.04310344827586207 0.03262909177513295
0.04310344827586207 0.03192299388556895
0.04310344827586207 0.026156323659951686
0.04310344827586207 0.029567640897288236
0.04310344827586207 0.027506036478636534
0.04310344827586207 0.03260587519313195
0.04310344827586207 0.034141402085173286
0.04310344827586207 0.03360517604055875
0.04310344827586207 0.03530268441605641
0.04310344827586207 0.03386718144547035
0.04310344827586207 0.030350288934904757
0.04310344827586207 0.028559620146495872
0.04310344827586207 0.029395552634856444
0.04310344827586207 0.03058938953280911
0.04310344827586207 0.03250437463020408
0.04310344827586207 0.031182844962740673
0.04310344827586207 0.03033555243884717
0.04310344827586207 0.02810358954766891
0.04310344827586207 0.027581423335319814
0.04310344827586207 0.028588554750138627
0.04310344827586207 0.03110083128629671
0.04310344827586207 0.02820655960893565
0.04310344827586207 0.024873562574832874
0.04310344827586207 0.02923578365842485
0.04310344827586207 0.026515339061990693
0.04310344827586207 0.029063806177712728
0.04310344827586207 0.03132414618258971
0.04310344827586207 0.031664846186036065
0.04310344827586207 0.03459692376478153
0.04310344827586207 0.031459389173671394
0.04310344827586207 0.03324833709943113
0.04310344827586207 0.030328587195746846
0.04310344827586207 0.030739446333641098
0.04310344827586207 0.031796229292940695
0.04310344827586207 0.03109911929167143
0.04310344827586207 0.02961652512224762
0.04310344827586207 0.02690227725812574
0.04310344827586207 0.02871155183741184
0.04310344827586207 0.027509562415857697
0.04310344827586207 0.02871336605838288
0.04310344827586207 0.03086797458650345
0.04310344827586207 0.03240643427300857
0.04310344827586207 0.03226188198952952
0.04310344827586207 0.031493486799217145
0.04310344827586207 0.03277985559991234
