9.206407659731172E-4 3.8601216376394704E-4
9.206407659731172E-4 4.386732825266611E-4
9.314456035767512E-4 4.7913278670306733E-4
0.0011761938367442955 5.497406513723184E-4
0.0011761938367442955 6.129645417912946E-4
0.0012883277505797474 6.526459987540673E-4
0.0012883277505797474 6.729071027648527E-4
0.0012883277505797474 7.723664352143827E-4
0.0012883277505797474 8.002964139022559E-4
0.0013502565487442614 8.739943105532477E-4
0.0017717930545712262 9.860035276934372E-4
0.0017717930545712262 0.0010457940235055058
0.002167316861725184 0.0011499962266040386
0.002167316861725184 0.001211040353960104
0.002167316861725184 0.0013554970188716865
0.0024449877750611247 0.0014040170840537377
0.0024449877750611247 0.001496096050595773
0.0024449877750611247 0.00154576557063756
0.0024449877750611247 0.00154615235514864
0.0032916392363396972 0.0015301539397288822
0.0032916392363396972 0.0016507054305711449
0.0032916392363396972 0.0016262185219241545
0.0032916392363396972 0.0018091322734147314
0.0032916392363396972 0.0017983952261164825
0.0032916392363396972 0.0018703285012242627
0.0032916392363396972 0.001988526702040979
0.0032916392363396972 0.0021561566433275035
0.0034940600978336828 0.0023815136050659275
0.0034940600978336828 0.002518798844099809
0.0034940600978336828 0.0027266063440588924
0.0034940600978336828 0.0028149820242851157
0.0034940600978336828 0.002630464428423217
0.0034940600978336828 0.0026600571966816505
0.0034940600978336828 0.0026353674231565055
0.0035285815102328866 0.002568601884535962
0.004201680672268907 0.0027052362598469332
0.004208754208754209 0.002885211583653608
0.004208754208754209 0.0030074259982855183
0.004208754208754209 0.003045221982186108
0.004208754208754209 0.0029929368720879317
0.004208754208754209 0.0032762110475386794
0.004208754208754209 0.0033846455371095117
0.005636978579481398 0.0032522276933253072
0.007518796992481203 0.0034351030709156125
0.007518796992481203 0.0035898519987475844
0.007518796992481203 0.0040657568741117684
0.007518796992481203 0.004288105486208539
0.007518796992481203 0.004377432285282211
0.007518796992481203 0.004710393321155738
0.007518796992481203 0.004675505538104953
0.007541478129713424 0.004983254120222902
0.007541478129713424 0.00542564292683894
0.007541478129713424 0.005162411385277013
0.007541478129713424 0.005411965724481081
0.007541478129713424 0.005799677389502603
0.007541478129713424 0.006103626834664663
0.007541478129713424 0.006366172273031425
0.008680555555555556 0.005748002828476968
0.008680555555555556 0.006182768017086306
0.008680555555555556 0.006241482622062511
0.008680555555555556 0.005817823451083184
0.008680555555555556 0.0061812241272027925
0.008680555555555556 0.006878859389398753
0.008680555555555556 0.006869430742082896
0.008680555555555556 0.005740148711344667
0.008680555555555556 0.005966316424948372
0.008680555555555556 0.005743336137238724
0.008680555555555556 0.005580979931892291
0.008680555555555556 0.005939578049109094
0.008680555555555556 0.006417933832763448
0.009345794392523364 0.006109917522075956
0.009345794392523364 0.006377731505871184
0.009345794392523364 0.00662371462680969
0.009345794392523364 0.006382102885352342
0.009345794392523364 0.00682607278730686
0.009345794392523364 0.0067183186840257415
0.009345794392523364 0.007069051606469241
0.009345794392523364 0.007223853747843441
0.009345794392523364 0.006988842033103656
0.009345794392523364 0.0065993724976875804
0.009345794392523364 0.007480796779836955
0.009345794392523364 0.007433817104799083
0.010395010395010394 0.0075679492553086146
0.010395010395010394 0.007499969370625562
0.013054830287206267 0.007364205426051514
0.013054830287206267 0.0074267323409966945
0.013054830287206267 0.00700714006877746
0.013089005235602092 0.007534621587160053
0.013089005235602092 0.007428320449864822
0.013089005235602092 0.007847131497895815
0.013089005235602092 0.008231047737333155
0.013089005235602092 0.008869847573909543
0.013089005235602092 0.009442683962041992
0.013089005235602092 0.009205902394294588
0.013089005235602092 0.009696993124344485
0.013089005235602092 0.009414018023530034
0.013089005235602092 0.009709914096351711
0.013089005235602092 0.01061018652384152
0.013089005235602092 0.010004556335084985
0.013089005235602092 0.01080242382929312
0.013089005235602092 0.009847016189855064
0.013089005235602092 0.009863703699485714
0.013089005235602092 0.010809634081725377
0.013089005235602092 0.009821279797288288
0.013089005235602092 0.009401251646734915
0.013089005235602092 0.009498028339699125
0.013089005235602092 0.008863140732478849
0.013089005235602092 0.009001368771713427
0.013089005235602092 0.009087847549638796
0.013089005235602092 0.010356905952549874
0.013089005235602092 0.009574187711784664
0.013089005235602092 0.009783633271502074
0.013089005235602092 0.009685933132111399
0.013089005235602092 0.008188339984182443
0.013089005235602092 0.008120540025968195
0.013089005235602092 0.008605942119452344
0.013089005235602092 0.009274427188620323
0.013089005235602092 0.00876250507412008
0.013089005235602092 0.00973549925572161
0.013089005235602092 0.009602215925098034
0.013089005235602092 0.008893604617460454
0.013089005235602092 0.0096489712020171
0.013089005235602092 0.01131096416079305
0.013089005235602092 0.010296461387197108
0.013089005235602092 0.009684832418064308
0.013089005235602092 0.01058176780391429
0.013089005235602092 0.010721009525168069
0.013089005235602092 0.010149521308296211
0.013089005235602092 0.009655750935126793
0.013089005235602092 0.009094160815588153
0.013089005235602092 0.009754157353699775
0.013089005235602092 0.009497022827619366
0.013089005235602092 0.009219141147549048
0.013089005235602092 0.010532223789877275
0.013089005235602092 0.009862024404578357
0.013123359580052493 0.009633603065851717
0.013123359580052493 0.009064392044763218
0.013123359580052493 0.009708510675574576
0.013123359580052493 0.010673122242780473
0.013123359580052493 0.009600478027431738
0.013123359580052493 0.008510633221378098
0.013123359580052493 0.009049219036465805
0.013123359580052493 0.0081075911534426
0.013123359580052493 0.008634283957597296
0.013123359580052493 0.009028984631867588
0.013123359580052493 0.009759557580060979
0.013123359580052493 0.008969333973722005
0.013192612137203167 0.009228712844445089
0.013192612137203167 0.010345768371165348
0.013192612137203167 0.010602029880237963
0.013192612137203167 0.009885564059823746
0.013192612137203167 0.00996288904821611
0.013192612137203167 0.008418454328228445
0.013192612137203167 0.007529924647471502
0.013192612137203167 0.007849916025716216
0.013192612137203167 0.007708999098598137
0.013192612137203167 0.008305889167449164
0.013192612137203167 0.009441865462427344
0.013192612137203167 0.009060908091755828
0.013192612137203167 0.008054355033152388
0.013192612137203167 0.009363139877172294
0.013192612137203167 0.009833864083279888
0.013192612137203167 0.009496930568846134
0.013192612137203167 0.008744625062597135
0.013192612137203167 0.009078447484401599
0.013192612137203167 0.009556923786116207
0.013192612137203167 0.010017856485583228
0.013192612137203167 0.009424733727336812
0.013192612137203167 0.00831661586238418
0.013192612137203167 0.008863433803369934
0.013192612137203167 0.010259504787251746
0.013192612137203167 0.0102440955793755
0.013192612137203167 0.010184852609490291
0.013192612137203167 0.010048152665373417
0.013192612137203167 0.010790663095949485
0.013192612137203167 0.011002730347354543
0.013192612137203167 0.010473161607290442
0.013192612137203167 0.010262527548096284
0.013192612137203167 0.009371563841784048
0.013192612137203167 0.00942712677680432
0.013192612137203167 0.01024102773826371
0.013192612137203167 0.0098460726151058
0.013192612137203167 0.009852584975964048
0.013192612137203167 0.008934244552391352
0.013192612137203167 0.009665731748675372
0.013192612137203167 0.00948214575568437
0.013192612137203167 0.009824710098249648
0.013192612137203167 0.010205725158093799
0.013192612137203167 0.009627816895045185
0.013192612137203167 0.009259538533581173
0.013192612137203167 0.008988838664045849
0.013192612137203167 0.009125120748968431
0.013192612137203167 0.010060328191014866
0.013192612137203167 0.008986893225532208
0.013192612137203167 0.010222080876867691
0.013736263736263736 0.009120773786176942
0.013736263736263736 0.010033599259884824
0.013736263736263736 0.00984355819241909
0.013736263736263736 0.009563655467044829
0.013736263736263736 0.008663244727640082
0.013736263736263736 0.008449885503390708
0.013736263736263736 0.007897492424791921
0.013812154696132596 0.008583812494671252
0.013812154696132596 0.010088573709111032
0.013812154696132596 0.010030530251057875
0.013812154696132596 0.011310917168393426
0.013812154696132596 0.010131125208370706
0.013812154696132596 0.010117237944907197
0.013812154696132596 0.010828663282805046
0.013812154696132596 0.010704744934806602
0.017064846416382253 0.010589896063315507
0.017064846416382253 0.010746867877033208
0.017064846416382253 0.011126296579569837
0.017064846416382253 0.009603842244061129
0.017064846416382253 0.0111427719996924
0.017064846416382253 0.01052564453741366
0.017064846416382253 0.011967037812385381
0.017064846416382253 0.012250352245063123
0.017064846416382253 0.01283807909030552
0.017064846416382253 0.01093775981328679
0.017064846416382253 0.010934760602851805
0.017064846416382253 0.011700877436554628
0.017064846416382253 0.012800536601680944
0.017064846416382253 0.013285926892975836
0.017064846416382253 0.012437227359247549
0.017064846416382253 0.013549374959505974
0.017064846416382253 0.01515986152066385
0.017064846416382253 0.014288940309941062
0.017064846416382253 0.013002787188629657
0.017064846416382253 0.012824890904798984
0.017064846416382253 0.012012142810714275
0.017064846416382253 0.011742897658438034
0.017064846416382253 0.01239595047241117
0.017064846416382253 0.012703220710508677
0.017064846416382253 0.01258888821839288
0.017064846416382253 0.012454107059359584
0.017064846416382253 0.01244467300576219
0.017064846416382253 0.012399217779147076
0.017064846416382253 0.012873176542269191
0.017064846416382253 0.013115037133285629
0.017064846416382253 0.011758150317613389
0.017064846416382253 0.012092754351827759
0.017064846416382253 0.012982942176033213
0.017123287671232876 0.013597927531217332
0.017123287671232876 0.012393270527080141
0.017123287671232876 0.011610891938106377
0.017123287671232876 0.011933768428763519
0.017123287671232876 0.010838179909856778
0.017123287671232876 0.011507225309163724
0.017123287671232876 0.012535665661459987
0.017123287671232876 0.011987439755513415
0.017123287671232876 0.011862997723554232
0.017123287671232876 0.012454963293639184
0.017123287671232876 0.013670267245311318
0.017123287671232876 0.014546249675417752
0.017123287671232876 0.013494017830100607
0.017123287671232876 0.014234900937569368
0.017123287671232876 0.012668353809124391
0.017123287671232876 0.012427051443032968
0.017123287671232876 0.011634486741979417
0.017123287671232876 0.011937244540098427
0.017123287671232876 0.010797320028313035
0.017123287671232876 0.01205066942317631
0.017123287671232876 0.01203516983610769
0.017123287671232876 0.009855485873294087
0.017123287671232876 0.008603829588456176
0.017123287671232876 0.009942654999620043
0.017123287671232876 0.009288317367112215
0.017123287671232876 0.011223169847660789
0.017182130584192438 0.011879364517449602
0.017182130584192438 0.011131771544828356
0.017182130584192438 0.011690453728293823
0.017182130584192438 0.012740319150445732
0.017182130584192438 0.012594027326711431
0.017182130584192438 0.012476251497871588
0.017182130584192438 0.011213957914939838
0.017182130584192438 0.012382043530158565
0.017182130584192438 0.011014327157635834
0.017182130584192438 0.01134012071054326
0.017182130584192438 0.010795233203608938
0.017182130584192438 0.011433642544784635
0.017182130584192438 0.012782837043292966
0.017182130584192438 0.012525906667254455
0.017182130584192438 0.01395899792737243
0.017182130584192438 0.014035702029679816
0.017182130584192438 0.012967823504511759
0.017182130584192438 0.011890404596029507
0.017182130584192438 0.011416400635268881
0.017182130584192438 0.011944686677983303
0.017182130584192438 0.012311590622317577
0.017182130584192438 0.011613847200811494
0.017182130584192438 0.011307703986461517
0.017182130584192438 0.012687953272885208
0.017182130584192438 0.01207877813636387
0.017182130584192438 0.012362504902780517
0.017182130584192438 0.01166008738172543
0.017182130584192438 0.01286093033276261
0.017182130584192438 0.012535183424612637
0.017182130584192438 0.012728977791542117
0.017182130584192438 0.012214027509137654
0.017182130584192438 0.014023312897654594
0.017182130584192438 0.013314542660705638
0.017182130584192438 0.012774688565314161
0.017182130584192438 0.012956835704650274
0.017182130584192438 0.012398666906587247
0.017182130584192438 0.012393363021254036
0.017182130584192438 0.012146658171403204
0.017182130584192438 0.013338030300429701
0.017182130584192438 0.014112788013872573
0.017182130584192438 0.011946773212493317
0.017182130584192438 0.011951305039132115
0.017182130584192438 0.012757315058332214
0.017182130584192438 0.011683850934568913
0.017182130584192438 0.013406270641143938
0.017182130584192438 0.014331703034385771
0.017182130584192438 0.013928589022471448
0.017182130584192438 0.012404382840831906
0.017182130584192438 0.012143110004650945
0.017182130584192438 0.013431716813451853
0.017182130584192438 0.013585719116560407
0.017182130584192438 0.012218627931184894
0.017182130584192438 0.012112222730725871
0.017182130584192438 0.01266709341752928
0.017182130584192438 0.0123274604514498
0.017182130584192438 0.01138187647126094
0.017182130584192438 0.013627956995591998
0.017182130584192438 0.01346475642914492
0.017182130584192438 0.012382677847604332
0.017182130584192438 0.013715637473379973
0.017182130584192438 0.014033668438578758
0.017182130584192438 0.013235887924862997
0.017182130584192438 0.012407929528164866
0.017182130584192438 0.01184094998422595
0.017182130584192438 0.011718863086754764
0.017182130584192438 0.012807465256298568
0.017182130584192438 0.014122400104189626
0.017182130584192438 0.01351100099336017
0.017182130584192438 0.013197112906483677
0.017182130584192438 0.012782182828205384
0.017182130584192438 0.013468290919370077
0.017182130584192438 0.013112739651107076
0.017182130584192438 0.012384830876144273
0.017182130584192438 0.01332405530528441
0.017182130584192438 0.011921291184360942
0.017182130584192438 0.011928079508835171
0.017182130584192438 0.01257005511520661
0.017182130584192438 0.01158748204866403
0.017182130584192438 0.011986023107688877
0.017182130584192438 0.012184293724622278
0.017182130584192438 0.0123859003304066
0.017182130584192438 0.01211371240041544
0.017182130584192438 0.012429039694229482
0.017182130584192438 0.012945232225645748
0.017182130584192438 0.013097837929850111
0.017182130584192438 0.012282869425951781
0.017182130584192438 0.0133305128404761
0.017182130584192438 0.011632479079241713
0.017182130584192438 0.012417523266248221
0.017182130584192438 0.011562294027423304
0.017182130584192438 0.011954734465489539
0.017182130584192438 0.011894043064429186
0.017182130584192438 0.011912953399182495
0.017182130584192438 0.012913796277724189
0.017182130584192438 0.013102716717264505
0.017182130584192438 0.01322100032320982
0.017182130584192438 0.01224920155934331
0.017182130584192438 0.012584784651365043
0.017182130584192438 0.012399293007521465
0.017182130584192438 0.014040180786296597
0.017182130584192438 0.012225435446983
0.017182130584192438 0.012139139907658504
0.017182130584192438 0.012710057071231212
0.017182130584192438 0.011859750264041596
0.017182130584192438 0.012553648837740709
0.017182130584192438 0.013769547936855189
0.017182130584192438 0.014030599445944205
0.017182130584192438 0.013042321832424302
0.017182130584192438 0.013452766746584492
0.017182130584192438 0.013579514636292497
0.017182130584192438 0.012100226688452552
0.017182130584192438 0.011365103536816449
0.017182130584192438 0.013602091934275631
0.017182130584192438 0.013058210680322308
0.017182130584192438 0.013801119076896493
0.017182130584192438 0.012441898351832636
0.017182130584192438 0.013816007675485978
0.017182130584192438 0.012313384375818442
0.017182130584192438 0.01191386311256067
0.017182130584192438 0.011207986695694106
0.017182130584192438 0.010908731700689912
0.017182130584192438 0.011123149961988493
0.017182130584192438 0.012533700432131718
0.017182130584192438 0.012822161461252658
0.017182130584192438 0.013304374663989716
0.017182130584192438 0.012143006301287467
0.017182130584192438 0.011603629975597711
0.017182130584192438 0.012797614162594933
0.017182130584192438 0.012570962097049268
0.017182130584192438 0.013692195611118034
0.017182130584192438 0.014147079678781477
0.017182130584192438 0.013488239133768797
0.017182130584192438 0.013223202387649236
0.017182130584192438 0.01372077501070554
0.017182130584192438 0.012992557140925518
0.017182130584192438 0.012647076168185284
0.017182130584192438 0.012199855471086608
0.017182130584192438 0.014295824532201854
0.017182130584192438 0.013236459934181505
0.017182130584192438 0.012838863108922897
0.017182130584192438 0.013009213547932153
0.017182130584192438 0.012925204085003226
0.017182130584192438 0.011945261894174239
0.017182130584192438 0.011930670697820844
0.017182130584192438 0.012750424723831049
0.017182130584192438 0.01317088354057381
0.022522522522522525 0.013627695319443954
0.022522522522522525 0.013245501948430716
0.022522522522522525 0.013267493783457696
0.022522522522522525 0.011077058008257716
0.022522522522522525 0.010791378239721977
0.022522522522522525 0.012096077460246317
0.022522522522522525 0.011391810088995426
0.022522522522522525 0.01164697829019164
0.022522522522522525 0.013525324802677575
0.022522522522522525 0.015100441762691149
0.022522522522522525 0.016439987471533787
0.022522522522522525 0.01691923980856217
0.022522522522522525 0.01923401503081927
0.022522522522522525 0.016506770270575007
0.022522522522522525 0.017638466532312398
0.022522522522522525 0.01607671170578728
0.022522522522522525 0.015578699417300893
0.022522522522522525 0.014618711253983398
0.022522522522522525 0.016253603960101053
0.022522522522522525 0.015265288347881382
0.022522522522522525 0.014434371348454631
0.022522522522522525 0.014641749828462173
0.022522522522522525 0.015043022341884735
0.022522522522522525 0.014512128524511215
0.022522522522522525 0.013710961854809862
0.022522522522522525 0.014214270446843607
0.022522522522522525 0.015474402808565829
0.022522522522522525 0.01774535289407826
0.022522522522522525 0.016441493624076327
0.022522522522522525 0.015809910175612132
0.022522522522522525 0.016101406807119814
0.022522522522522525 0.016658342928222557
0.022522522522522525 0.01655049821083876
0.022522522522522525 0.016368668894713063
0.022522522522522525 0.014990022894970693
0.022522522522522525 0.015150392991064932
0.022522522522522525 0.016629861118813316
0.022522522522522525 0.016752196092976016
0.022522522522522525 0.017507960101007268
0.022522522522522525 0.01604645810256876
0.022522522522522525 0.015045390463156063
0.022522522522522525 0.014021763682338095
0.022522522522522525 0.016213206806892547
0.022522522522522525 0.016799872934973033
0.022522522522522525 0.01751049005674146
0.022522522522522525 0.015676598268469722
0.022522522522522525 0.01754173658417234
0.022522522522522525 0.017115546725363348
0.022522522522522525 0.014925726420746778
0.022522522522522525 0.014473293692889405
0.022522522522522525 0.01517960687748086
0.022522522522522525 0.015646185022591835
0.022522522522522525 0.01602316044261491
0.022522522522522525 0.01800771842902844
0.022522522522522525 0.017159093174824225
0.022522522522522525 0.0164365347395903
0.022522522522522525 0.01694696324675187
0.022522522522522525 0.01517658320767874
0.022522522522522525 0.01659909368365221
0.025773195876288662 0.016678822128751155
0.025773195876288662 0.016087928807121985
0.025773195876288662 0.017457391884376474
0.025773195876288662 0.01657709229676054
0.025773195876288662 0.01548889949317955
0.025773195876288662 0.01581057930240203
0.025773195876288662 0.016256547277106095
0.025773195876288662 0.017826140746675562
0.025773195876288662 0.016936530910532748
0.025773195876288662 0.01557134603314332
0.025773195876288662 0.014167092524807665
0.025773195876288662 0.012631037973180907
0.025773195876288662 0.011999940398121432
0.025773195876288662 0.0142430617863816
0.025773195876288662 0.015318788405052608
0.025773195876288662 0.013693322191828087
0.025773195876288662 0.014299725513457687
0.025773195876288662 0.01613131202338614
0.025773195876288662 0.016091324382379615
0.025773195876288662 0.016592924366614824
0.025773195876288662 0.01770744126335415
0.025773195876288662 0.01634335300585693
0.025773195876288662 0.017997941427287622
0.025773195876288662 0.020140854556827393
0.025773195876288662 0.018861855629768404
0.025773195876288662 0.019038084498930657
0.025773195876288662 0.01623533959162473
0.025773195876288662 0.018669482256656135
0.025773195876288662 0.01744292170760865
0.025773195876288662 0.01741030959202778
0.025773195876288662 0.01790530266512117
0.025773195876288662 0.019328839506726384
0.025773195876288662 0.01800722717780071
0.025773195876288662 0.019082212134299795
0.025773195876288662 0.019245535295264373
0.025773195876288662 0.01757492746205177
0.025773195876288662 0.016837903207027004
0.025773195876288662 0.019204553497938932
0.025773195876288662 0.019671416013188593
0.025773195876288662 0.016652499058935587
0.025773195876288662 0.017525932474644724
0.025773195876288662 0.01869275260247172
0.025773195876288662 0.018471992530831077
0.025773195876288662 0.014767547184043025
0.025773195876288662 0.018342447679412885
0.025773195876288662 0.019584292258804134
0.025773195876288662 0.018282626232825304
0.025773195876288662 0.019956701210713954
0.025773195876288662 0.019902300812254203
0.025773195876288662 0.020654616464298715
0.025773195876288662 0.018389259425073936
0.025773195876288662 0.01788738142195523
0.025773195876288662 0.01761887582627312
0.025773195876288662 0.019200177323131472
0.025773195876288662 0.017777275928336233
0.025773195876288662 0.0170580070267912
0.025773195876288662 0.018542333594069337
0.026041666666666668 0.01914733349931171
0.026041666666666668 0.01836018689392709
0.026041666666666668 0.01899002621354544
0.026041666666666668 0.018215469002540983
0.026041666666666668 0.015153041204667627
0.026041666666666668 0.01491115002036397
0.026041666666666668 0.016456354910433686
0.026041666666666668 0.014768516398076869
0.026041666666666668 0.015626805047367888
0.026041666666666668 0.015841479606915256
0.026041666666666668 0.015889571893720894
0.026041666666666668 0.016888068203190748
0.026041666666666668 0.01709208621728824
0.026041666666666668 0.019531004410430923
0.026041666666666668 0.020582020249302595
0.026041666666666668 0.01747482180076374
0.026041666666666668 0.018570342204484693
0.026041666666666668 0.016189645246963057
0.026041666666666668 0.01945223450600502
0.026041666666666668 0.01881248438155833
0.026041666666666668 0.01886715640814049
0.026041666666666668 0.0206953016156817
0.026041666666666668 0.01993846040701681
0.026041666666666668 0.019435555359721097
0.026041666666666668 0.020122048025923465
0.026041666666666668 0.016933972281681964
0.026041666666666668 0.019075710336621293
0.026041666666666668 0.01589333451956233
0.026041666666666668 0.019074042530431618
0.026041666666666668 0.018973261684607653
0.026041666666666668 0.017529256356125348
0.026041666666666668 0.018562817059310722
0.026041666666666668 0.018736418696746457
0.026041666666666668 0.018570929447178277
0.026881720430107524 0.01950732112639922
0.026881720430107524 0.018779809697000743
0.026881720430107524 0.019580362022992695
0.026881720430107524 0.020489422970989733
0.026881720430107524 0.018387843462793863
0.026881720430107524 0.01816271760726639
0.026881720430107524 0.017622098094840107
0.026881720430107524 0.01669447003489281
0.026881720430107524 0.015812320982429403
0.026881720430107524 0.015639438240378025
0.026881720430107524 0.019048296654835734
0.026881720430107524 0.019883538432770475
0.026881720430107524 0.020774982112892918
0.026881720430107524 0.021551540653448765
0.026881720430107524 0.02049799544957057
0.026881720430107524 0.020184152334731264
0.026881720430107524 0.02242309256361994
0.026881720430107524 0.02182173526139719
0.026881720430107524 0.019104816094934803
0.026881720430107524 0.019950297970176358
0.026881720430107524 0.019676764911913034
0.026881720430107524 0.021299581447735912
0.026881720430107524 0.02263593576360138
0.026881720430107524 0.02115304195898463
0.026881720430107524 0.020454477476517224
0.026881720430107524 0.02072938795728415
0.026881720430107524 0.023007450879908863
0.026881720430107524 0.0190461203841122
0.026881720430107524 0.016509591915990295
0.026881720430107524 0.015653469938743225
0.026881720430107524 0.01569848622436432
0.026881720430107524 0.016712809416955476
0.026881720430107524 0.016528253934166615
0.026881720430107524 0.017067899601141457
0.026881720430107524 0.017561033200694784
0.026881720430107524 0.020554220154246853
0.026881720430107524 0.019986896926075064
0.026881720430107524 0.021478078929770595
0.026881720430107524 0.02053095800492255
0.026881720430107524 0.023053284299815454
0.026881720430107524 0.021666580289706625
0.026881720430107524 0.021504405819790046
0.026881720430107524 0.019822414876259773
0.026881720430107524 0.018597694645362057
0.026881720430107524 0.016474863628311878
0.026881720430107524 0.017995531490690695
0.026881720430107524 0.019529848543707696
0.026881720430107524 0.018270495956525006
0.026881720430107524 0.01867556613955868
0.026881720430107524 0.019790584882821472
0.026881720430107524 0.017959180215294645
0.026881720430107524 0.017435385841743513
0.026881720430107524 0.018749415696873425
0.026881720430107524 0.020009615078290514
0.026881720430107524 0.019183027451810133
0.026881720430107524 0.018292927664709843
0.026881720430107524 0.019603781821840003
0.026881720430107524 0.01988004364936211
0.026881720430107524 0.01982906055532811
0.026881720430107524 0.020428890316837343
0.026881720430107524 0.021420477793567518
0.026881720430107524 0.019178457238934115
0.026881720430107524 0.01851022658354511
0.026881720430107524 0.019153157266094404
0.026881720430107524 0.020075179679813954
0.026881720430107524 0.02109578940206253
0.026881720430107524 0.021439265015105895
0.026881720430107524 0.01984263031171701
0.026881720430107524 0.019546698335384402
0.026881720430107524 0.018934334027029726
0.026881720430107524 0.02082352797575217
0.026881720430107524 0.021218194802473476
0.026881720430107524 0.02049999658465171
0.026881720430107524 0.02054032079030226
0.026881720430107524 0.02072641546711834
0.026881720430107524 0.022281771966970752
0.026881720430107524 0.02182469316426965
0.026881720430107524 0.01958245733268837
0.026881720430107524 0.01959611239018505
0.026881720430107524 0.019844534573253254
0.026881720430107524 0.01987550485844451
0.026881720430107524 0.020823271132526508
0.026881720430107524 0.02192512931225595
0.026881720430107524 0.020208354514422773
0.026881720430107524 0.01991731490852786
0.026881720430107524 0.021042052968523805
0.026881720430107524 0.02012079907405512
0.026881720430107524 0.018858320434384044
0.026881720430107524 0.02030959182178212
0.026881720430107524 0.02057192107149724
0.026881720430107524 0.02124216219840583
0.026881720430107524 0.022124030795590617
0.026881720430107524 0.022416868099904272
0.026881720430107524 0.022251856934097522
0.026881720430107524 0.019946515243358585
0.026881720430107524 0.01842737602775787
0.026881720430107524 0.01829766818371014
0.026881720430107524 0.01866404236007776
0.026881720430107524 0.021003149811767895
0.026881720430107524 0.019790606105913645
0.026881720430107524 0.020509813265375678
0.026881720430107524 0.020694091709786797
0.026881720430107524 0.019576581232882896
0.026881720430107524 0.019634213260292566
0.026881720430107524 0.018406331910082147
0.026881720430107524 0.019564472828520352
0.026881720430107524 0.02168171268409508
0.026881720430107524 0.01983889681137853
0.026881720430107524 0.020115403660568267
0.026881720430107524 0.016669241342674855
0.026881720430107524 0.018529822471495917
0.026881720430107524 0.02095479412234989
0.026881720430107524 0.02040268701431582
0.026881720430107524 0.01974897203279771
0.026881720430107524 0.020170860947608418
0.026881720430107524 0.020551487530725786
0.026881720430107524 0.01722173249005085
0.026881720430107524 0.01974439837178065
0.026881720430107524 0.019921878056718058
0.026881720430107524 0.021207317042905405
0.026881720430107524 0.01974080038740606
0.026881720430107524 0.019296969206288067
0.026881720430107524 0.018395262981631064
0.026881720430107524 0.019371895130486195
0.026881720430107524 0.02030819614184399
0.026881720430107524 0.019367492036719676
0.026881720430107524 0.022010450784394956
0.026881720430107524 0.02053221383944084
0.026881720430107524 0.020858470624495834
0.026881720430107524 0.020201006206990328
0.026881720430107524 0.02167124454848853
0.026881720430107524 0.02292121623588863
0.026881720430107524 0.01966749211204657
0.026881720430107524 0.01924570409901519
0.026881720430107524 0.018612382446656795
0.026881720430107524 0.021605982806015608
0.026881720430107524 0.017671879732250376
0.026881720430107524 0.021068021210357755
0.026881720430107524 0.02000845266414216
0.026881720430107524 0.019400489290946437
0.026881720430107524 0.02058491080424837
0.026881720430107524 0.017727825848580157
0.026881720430107524 0.018918869014177827
0.026881720430107524 0.018709742434593325
0.026881720430107524 0.01718633905163242
0.026881720430107524 0.01832700415638137
0.026881720430107524 0.01583772144556461
0.02702702702702703 0.01593124283378877
0.02702702702702703 0.01895564072897828
0.02702702702702703 0.020535999265437695
0.02702702702702703 0.01999464184669499
0.02702702702702703 0.019882800765657623
0.02702702702702703 0.019310973482120034
0.02702702702702703 0.01996570622185301
0.02702702702702703 0.016728516271981363
0.02702702702702703 0.015426201284888679
0.02702702702702703 0.01620193399906975
0.02702702702702703 0.015455771954061344
0.02702702702702703 0.017148226674317837
0.02702702702702703 0.019205456377007702
0.02702702702702703 0.02060721585423222
0.02702702702702703 0.020356083266885
0.029069767441860465 0.01857131794746277
0.029069767441860465 0.019456636091086995
0.029069767441860465 0.018315983131745057
0.029069767441860465 0.019772887496367807
0.029069767441860465 0.021373582402995608
0.029069767441860465 0.0202933584410342
0.029069767441860465 0.01760078831641581
0.029069767441860465 0.01905725376870473
0.029069767441860465 0.02015064168061994
0.029069767441860465 0.02032603538715096
0.029069767441860465 0.019796820317985468
0.029069767441860465 0.02168204307998168
0.029069767441860465 0.020399289347551332
0.029069767441860465 0.018892645671264127
0.029069767441860465 0.020759580899854788
0.029069767441860465 0.020516566154501106
0.029069767441860465 0.020747785048919654
0.029069767441860465 0.01815091668256203
0.029069767441860465 0.021697927973715992
0.029069767441860465 0.02231069150957643
0.029069767441860465 0.020905107765346424
0.029069767441860465 0.018998331435510527
0.029069767441860465 0.020293636398527593
0.029069767441860465 0.018633596646556345
0.02958579881656805 0.019618634395040784
0.02958579881656805 0.018044790067634275
0.02958579881656805 0.018485120253016317
0.02958579881656805 0.018227950781026046
0.02958579881656805 0.018591011709985273
0.02958579881656805 0.017992193651562745
0.02958579881656805 0.015595871970236822
0.02958579881656805 0.01703681856959904
0.02976190476190476 0.020300411666373506
0.02976190476190476 0.018752689563134462
0.02976190476190476 0.021415896289444163
0.02976190476190476 0.019762910571559145
0.02976190476190476 0.020680298543655905
0.02976190476190476 0.02044167188072455
0.02976190476190476 0.018814718194303307
0.02976190476190476 0.02035141046045242
0.02976190476190476 0.020894751413890977
0.02976190476190476 0.019600336344356036
0.02976190476190476 0.021915109358922432
0.02976190476190476 0.021699608970810913
0.02976190476190476 0.022923373477283952
0.02976190476190476 0.023023666282347973
0.02976190476190476 0.02063181163945286
0.02976190476190476 0.023462454643380943
0.02976190476190476 0.021654500055040785
0.02976190476190476 0.016951386451971195
0.02976190476190476 0.01600274171987793
0.02976190476190476 0.018368058670314966
0.02976190476190476 0.020520325198754016
0.02976190476190476 0.020743712301804395
0.02976190476190476 0.0201895234860823
0.02976190476190476 0.021856538861933925
0.02976190476190476 0.019377175903847136
0.02976190476190476 0.018448930238124002
0.02976190476190476 0.01866808249777384
0.02976190476190476 0.0209549014236503
0.02976190476190476 0.018158177765397923
0.02976190476190476 0.01859788139971929
0.02976190476190476 0.02255201382900936
0.02976190476190476 0.019889444848265467
0.02976190476190476 0.020999635609771906
0.02976190476190476 0.021412532935404696
0.02976190476190476 0.020663277878869114
0.02976190476190476 0.0198897706972709
0.02976190476190476 0.02191869195359386
0.02976190476190476 0.021599227073198182
0.02976190476190476 0.022662785669887074
0.02976190476190476 0.02262957608687729
0.02976190476190476 0.023708159070185794
0.02976190476190476 0.023745192760493757
0.02976190476190476 0.02360297915039741
0.02976190476190476 0.022203946364367066
0.02976190476190476 0.023067141627306876
0.02976190476190476 0.02171838212105993
0.02976190476190476 0.0195218783604004
0.02976190476190476 0.019802508530566976
0.02976190476190476 0.021566607408720788
0.02976190476190476 0.023163941670315717
0.02976190476190476 0.019922073023509675
0.02976190476190476 0.02055260467910072
0.02976190476190476 0.021820654888838567
0.02976190476190476 0.021668301560716877
0.02976190476190476 0.022430346065513362
0.02976190476190476 0.023709448259781562
0.02976190476190476 0.02254817072213799
0.02976190476190476 0.0204822990445239
0.02976190476190476 0.021147076160350196
0.02976190476190476 0.021592725422762644
0.02976190476190476 0.01856533925353662
0.02976190476190476 0.02192101373329621
0.02976190476190476 0.022762519138940857
0.02976190476190476 0.021059937326215666
0.02976190476190476 0.020773171071369743
0.02976190476190476 0.02170438298082428
0.02976190476190476 0.023464449542680055
0.02976190476190476 0.022562779227623373
0.02976190476190476 0.022109168493255935
0.02976190476190476 0.02078622773341964
0.02976190476190476 0.0212162722581003
0.02976190476190476 0.024075731539666193
0.02976190476190476 0.02338555101236153
0.02976190476190476 0.021047761371681184
0.02976190476190476 0.022551847712898438
0.02976190476190476 0.023695300459915202
0.02976190476190476 0.023467990361196504
0.02976190476190476 0.021053193948719226
0.02976190476190476 0.022003843680573173
0.02976190476190476 0.021807439833564847
0.02976190476190476 0.022286901142740317
0.02976190476190476 0.020864175375976596
0.02976190476190476 0.0227370686059866
0.02976190476190476 0.02194738698274927
0.02976190476190476 0.02196637586247353
0.02976190476190476 0.020885753927121886
0.02976190476190476 0.022657133492910122
0.02976190476190476 0.0223080197144237
0.02976190476190476 0.02160612763428145
0.02976190476190476 0.02156654280934472
0.02976190476190476 0.022664235549651607
0.02976190476190476 0.020714573294253958
0.02976190476190476 0.019273700785522763
0.02976190476190476 0.020657852527323727
0.02976190476190476 0.021677209404640865
0.02976190476190476 0.024710068702204706
0.02976190476190476 0.02191366030941903
0.02976190476190476 0.023549245348155872
0.02976190476190476 0.023945831939520972
0.02976190476190476 0.022006302747626962
0.02976190476190476 0.02280211182817689
0.02976190476190476 0.02269924724058827
0.02976190476190476 0.023184763787541945
0.02976190476190476 0.022453719854701324
0.02976190476190476 0.023816971347459304
0.02976190476190476 0.02476038428710525
0.02976190476190476 0.024157342160278594
0.02976190476190476 0.025312097877780028
0.02976190476190476 0.024323826645497607
0.02976190476190476 0.021055913329428334
0.02976190476190476 0.02042604749150102
0.02976190476190476 0.021904628424268734
0.02976190476190476 0.022374786305859998
0.02976190476190476 0.022783359395188996
0.02976190476190476 0.020874705554678723
0.02976190476190476 0.022022210179644383
0.02976190476190476 0.02120948736583105
0.02976190476190476 0.018885922089059252
0.02976190476190476 0.017675238693043105
0.02976190476190476 0.019469671821451384
0.02976190476190476 0.021752872364071467
0.02976190476190476 0.02259969752916778
0.02976190476190476 0.020961694116451313
0.02976190476190476 0.021512063313921255
0.02976190476190476 0.02484457552315567
0.02976190476190476 0.02193188317818156
0.02976190476190476 0.022428889391487447
0.02976190476190476 0.02222678226993038
0.02976190476190476 0.02277784303251453
0.02976190476190476 0.022163852080155044
0.02976190476190476 0.022750015961341064
0.02976190476190476 0.02144474409764896
0.02976190476190476 0.022641301533866464
0.02976190476190476 0.02148443152400308
0.02976190476190476 0.02216199128842334
0.02976190476190476 0.023238140701855224
0.02976190476190476 0.022071386132204402
0.02976190476190476 0.024422783493217817
0.02976190476190476 0.023212197488761802
0.02976190476190476 0.022658363378844425
0.02976190476190476 0.02314225125526589
0.02976190476190476 0.020127291997619923
0.02976190476190476 0.016188914949747633
0.02976190476190476 0.015587684111070081
0.02976190476190476 0.018690773445295204
0.02976190476190476 0.01937656333625058
0.02976190476190476 0.01927420438651336
0.02976190476190476 0.024050971490837143
0.02976190476190476 0.024594696764670135
0.02976190476190476 0.02178925820462471
0.02976190476190476 0.019409327586231685
0.029940119760479042 0.02017144949384248
0.029940119760479042 0.018201613734102055
0.029940119760479042 0.021038051004216546
0.029940119760479042 0.023764407739930687
0.029940119760479042 0.022640435951057792
0.029940119760479042 0.023762975483375318
0.029940119760479042 0.022215528743529764
0.029940119760479042 0.021568261488957012
0.029940119760479042 0.019334503510254897
0.029940119760479042 0.019107390219377837
0.029940119760479042 0.018003768368632996
0.029940119760479042 0.018892474971092043
0.029940119760479042 0.020310799419977103
0.029940119760479042 0.016223309629571324
0.029940119760479042 0.0170654281483062
0.029940119760479042 0.01960054424458165
0.029940119760479042 0.02179501560170772
0.029940119760479042 0.021572651020189716
0.029940119760479042 0.02169208153321904
0.029940119760479042 0.01951081314969692
0.029940119760479042 0.02058638824426806
0.029940119760479042 0.02147106904092731
0.029940119760479042 0.01974067546776794
0.029940119760479042 0.02089164495921448
0.029940119760479042 0.020339960794764668
0.029940119760479042 0.023317575600925344
0.029940119760479042 0.021784703035602527
0.029940119760479042 0.023445488886345733
0.029940119760479042 0.02510339731273358
0.03012048192771084 0.023449704006987825
0.03012048192771084 0.021925942724367514
0.03012048192771084 0.021895481830515016
0.03012048192771084 0.02258616566220303
0.03012048192771084 0.024175619988083697
0.03012048192771084 0.021981503423394395
0.03012048192771084 0.021022700802255
0.03012048192771084 0.02378044551018659
0.03012048192771084 0.024326388506813432
0.03012048192771084 0.021072141853997618
0.03012048192771084 0.02316877801130696
0.03012048192771084 0.0239349210043706
0.03012048192771084 0.02255640941052933
0.03012048192771084 0.023729743633338515
0.03012048192771084 0.025161460557828613
0.03012048192771084 0.023994115467113705
0.03012048192771084 0.022846863859842977
0.03012048192771084 0.02186968816436229
0.03012048192771084 0.023904121035501387
0.03012048192771084 0.02375064330001188
0.03012048192771084 0.02542440364570611
0.03012048192771084 0.02547001117536703
0.03012048192771084 0.023614868709469126
0.03012048192771084 0.02135170049996555
0.03012048192771084 0.020652478502128074
0.03012048192771084 0.02382330572903646
0.03012048192771084 0.023753668593520474
0.03012048192771084 0.023392081892614162
0.03012048192771084 0.02097167125121341
0.03012048192771084 0.02027563545121451
0.03012048192771084 0.01842203540886083
0.03012048192771084 0.02020975007800973
0.03012048192771084 0.022580164265916077
0.03012048192771084 0.0214838800138716
0.03012048192771084 0.021425572091472982
0.03012048192771084 0.02067332760209834
0.03012048192771084 0.022104934435221244
0.03012048192771084 0.019794579443387365
0.03012048192771084 0.020412245026219585
0.03012048192771084 0.020334574116943734
0.03012048192771084 0.02008040540296703
0.03012048192771084 0.021499673344057862
0.03012048192771084 0.023180519995394475
0.03012048192771084 0.023322953106420383
0.03012048192771084 0.022232567099149454
0.03012048192771084 0.022202142903833766
0.03012048192771084 0.02463674829542963
0.03012048192771084 0.02136552215994432
0.03012048192771084 0.02089588872078385
0.03012048192771084 0.023836388387827395
0.03012048192771084 0.024583776726055818
0.03012048192771084 0.023677603016505656
0.03012048192771084 0.021974432173569466
0.03012048192771084 0.022471553824860206
0.03012048192771084 0.022417032072299798
0.03012048192771084 0.020441718359375395
0.03012048192771084 0.023912211171632104
0.03012048192771084 0.024275583268200545
0.03012048192771084 0.023629782469120023
0.03012048192771084 0.02290737000066594
0.03012048192771084 0.020827999509000727
