6632.0 11402.014084507042
6632.0 10305.881188118812
5298.0 9788.762376237624
5201.0 8961.237623762376
5201.0 8325.376237623763
5201.0 7551.831683168317
3739.0 6711.990099009901
2553.0 6029.019801980198
2553.0 5102.475247524752
2553.0 4700.683168316832
2553.0 4265.80198019802
2495.0 4318.772277227723
2874.0 3750.5346534653463
2874.0 3813.7425742574255
2456.0 3645.910891089109
2414.0 3268.732673267327
2005.0 3081.089108910891
2005.0 3148.4752475247524
1373.0 3081.831683168317
1373.0 3361.3366336633662
1373.0 3210.633663366337
1373.0 2866.3564356435645
1373.0 2732.8118811881186
1373.0 2707.09900990099
1543.0 2621.4257425742576
866.0 2234.980198019802
1416.0 2407.4752475247524
1416.0 2085.2871287128714
1416.0 2089.366336633663
775.0 2055.633663366337
603.0 1909.950495049505
603.0 1807.8910891089108
514.0 1745.960396039604
514.0 1487.8118811881188
514.0 1687.8217821782177
514.0 1502.8712871287128
514.0 1450.3762376237623
559.0 1649.1980198019803
559.0 1804.7722772277227
559.0 1773.039603960396
559.0 1748.7425742574258
559.0 1815.980198019802
559.0 1670.930693069307
559.0 1606.4752475247524
559.0 1646.3960396039604
559.0 1528.019801980198
559.0 1458.2277227722773
559.0 1419.2178217821781
559.0 1651.7524752475247
559.0 1590.5742574257426
559.0 1515.3366336633662
559.0 1735.7920792079208
559.0 1663.8415841584158
559.0 1710.3564356435643
559.0 1570.5643564356435
353.0 1410.7920792079208
353.0 1270.5049504950496
353.0 1127.029702970297
353.0 1348.009900990099
353.0 1250.2178217821781
353.0 1248.2970297029703
353.0 1388.1287128712872
353.0 1709.079207920792
353.0 1329.4356435643565
353.0 1254.6138613861385
353.0 1148.3267326732673
353.0 1048.3465346534654
353.0 1170.7821782178219
353.0 1051.5247524752476
353.0 1010.5742574257425
353.0 1146.950495049505
353.0 1187.4950495049504
353.0 922.2772277227723
353.0 981.4752475247525
353.0 821.7029702970297
353.0 959.049504950495
353.0 980.980198019802
353.0 1101.90099009901
353.0 824.5841584158416
353.0 1034.4653465346535
353.0 1048.2574257425742
353.0 879.5940594059406
353.0 740.3069306930693
353.0 1185.3465346534654
353.0 844.5643564356436
353.0 1041.0
353.0 999.4455445544554
353.0 1190.881188118812
353.0 1304.0
353.0 1278.5148514851485
353.0 1365.7524752475247
353.0 1520.6831683168316
353.0 1288.3762376237623
353.0 1235.4455445544554
353.0 1075.019801980198
353.0 1113.019801980198
353.0 1247.8415841584158
353.0 1024.2772277227723
353.0 1118.7425742574258
353.0 921.9702970297029
353.0 1150.1782178217823
353.0 1252.3465346534654
353.0 974.4356435643564
353.0 881.5148514851485
353.0 1179.6039603960396
353.0 1461.1782178217823
353.0 1290.960396039604
353.0 1163.2772277227723
353.0 1334.4653465346535
353.0 1281.9405940594058
353.0 1048.8118811881188
353.0 1058.5544554455446
353.0 1391.09900990099
353.0 1260.4059405940593
353.0 1162.8019801980197
353.0 1181.6237623762377
353.0 1199.1089108910892
353.0 1555.4257425742574
353.0 1573.4059405940593
353.0 1394.4653465346535
352.0 1212.2673267326732
352.0 1093.7524752475247
352.0 1207.4554455445545
352.0 1541.1089108910892
352.0 1344.960396039604
352.0 1238.2871287128712
352.0 1057.5742574257426
352.0 1288.90099009901
352.0 1112.8118811881188
352.0 1134.6435643564357
352.0 1434.3762376237623
352.0 1268.6633663366338
352.0 1077.970297029703
352.0 1095.1683168316831
352.0 1097.1683168316831
352.0 1288.5940594059407
352.0 1233.3960396039604
337.0 1036.3267326732673
337.0 1095.3069306930693
337.0 1204.5049504950496
337.0 1143.2574257425742
337.0 935.0297029702971
337.0 999.1782178217821
337.0 943.7326732673267
337.0 514.5445544554456
337.0 1057.1386138613861
337.0 969.2376237623762
337.0 1080.4950495049504
337.0 1069.6831683168316
337.0 1291.3663366336634
337.0 1466.5049504950496
337.0 1035.3564356435643
337.0 1003.0891089108911
337.0 902.1386138613861
337.0 1005.5148514851485
337.0 963.6237623762377
337.0 1031.8118811881188
337.0 1059.7920792079208
337.0 1276.7227722772277
337.0 1203.851485148515
337.0 1232.1782178217823
337.0 1555.148514851485
337.0 1169.90099009901
337.0 1114.990099009901
337.0 1128.039603960396
337.0 1067.4653465346535
337.0 883.7029702970297
336.0 882.7821782178218
336.0 1026.851485148515
336.0 865.3366336633663
336.0 917.2277227722773
336.0 1320.0891089108911
336.0 1421.8910891089108
336.0 1232.6534653465346
336.0 1266.069306930693
336.0 1167.7821782178219
336.0 887.3069306930693
336.0 1006.8415841584158
336.0 1068.2772277227723
336.0 1237.2475247524753
336.0 1247.009900990099
336.0 1327.5148514851485
336.0 1070.09900990099
336.0 1420.6732673267327
336.0 1404.9108910891089
336.0 1369.2475247524753
336.0 1038.0594059405942
336.0 1112.920792079208
336.0 958.5346534653465
336.0 985.8712871287129
336.0 810.5841584158416
336.0 1017.2871287128713
336.0 901.3366336633663
336.0 629.7326732673267
336.0 673.6138613861386
336.0 886.8118811881188
336.0 1051.7524752475247
336.0 1122.2871287128712
336.0 996.019801980198
336.0 943.7326732673267
336.0 974.0891089108911
336.0 1183.4554455445545
336.0 1300.1980198019803
336.0 1002.2277227722773
336.0 1067.019801980198
336.0 935.2970297029703
336.0 1065.5742574257426
336.0 999.8019801980198
336.0 1176.7029702970297
336.0 1184.8019801980197
336.0 982.940594059406
336.0 727.8514851485148
336.0 916.6336633663366
336.0 1190.09900990099
336.0 923.3762376237623
118.0 1004.6336633663366
118.0 1041.6732673267327
118.0 1305.4851485148515
118.0 1127.1386138613861
118.0 1006.9009900990098
118.0 1060.7722772277227
118.0 869.1683168316831
118.0 850.4851485148515
118.0 860.3861386138614
118.0 1027.1683168316831
118.0 842.049504950495
118.0 599.1188118811881
118.0 499.51485148514854
118.0 868.8217821782179
118.0 826.6732673267327
118.0 1037.079207920792
118.0 802.4455445544554
118.0 862.8316831683169
118.0 1232.8217821782177
118.0 913.6237623762377
118.0 1167.980198019802
118.0 1034.5247524752476
118.0 896.7029702970297
118.0 720.3564356435644
118.0 827.8712871287129
118.0 971.6336633663366
118.0 1263.8019801980197
118.0 896.019801980198
118.0 855.0693069306931
118.0 1099.8712871287128
118.0 1148.6039603960396
118.0 980.6138613861386
118.0 1005.7425742574258
118.0 1082.7722772277227
118.0 948.1980198019802
118.0 585.990099009901
116.0 1183.1683168316831
116.0 791.7623762376238
116.0 1149.5742574257426
116.0 1170.6930693069307
116.0 1086.7227722772277
116.0 1006.039603960396
116.0 1326.1881188118812
116.0 1390.029702970297
116.0 1040.851485148515
116.0 1103.7425742574258
116.0 907.2079207920792
116.0 896.5445544554456
116.0 813.4554455445544
116.0 966.059405940594
116.0 660.9009900990098
116.0 587.1386138613861
116.0 1044.5247524752476
116.0 931.1287128712871
116.0 678.2970297029703
116.0 920.5049504950495
116.0 1097.3465346534654
116.0 955.6930693069307
116.0 860.2673267326733
116.0 729.3168316831683
117.0 661.0891089108911
117.0 453.2970297029703
117.0 796.3564356435644
117.0 771.3465346534654
117.0 677.7029702970297
117.0 740.5742574257425
113.0 1074.009900990099
112.0 1275.7722772277227
112.0 1288.3663366336634
112.0 1305.1089108910892
112.0 1270.970297029703
112.0 1059.930693069307
112.0 941.7425742574258
112.0 1223.851485148515
112.0 1408.009900990099
112.0 1281.2376237623762
112.0 1046.0
112.0 1103.4653465346535
112.0 1157.1089108910892
112.0 1023.7326732673267
112.0 942.5544554455446
112.0 846.3267326732673
112.0 806.0
112.0 1009.009900990099
112.0 687.6534653465346
112.0 652.7821782178218
112.0 979.4059405940594
112.0 848.9702970297029
112.0 1047.7623762376238
112.0 1337.069306930693
112.0 1053.2772277227723
112.0 949.1188118811881
112.0 723.0
112.0 1033.851485148515
112.0 911.6732673267327
112.0 1014.3267326732673
112.0 1065.7623762376238
112.0 1086.3366336633662
112.0 760.7920792079208
112.0 1090.7128712871288
112.0 1322.6831683168316
112.0 1189.5742574257426
112.0 742.8712871287129
112.0 886.7128712871287
112.0 853.6930693069307
112.0 646.8415841584158
112.0 961.5247524752475
112.0 1174.3663366336634
111.0 808.6534653465346
111.0 695.1683168316831
111.0 1183.2574257425742
111.0 1399.6039603960396
111.0 1110.881188118812
111.0 1163.8613861386139
111.0 1222.2871287128712
111.0 783.7524752475248
111.0 800.4653465346535
111.0 876.7425742574258
111.0 714.6534653465346
111.0 889.1980198019802
111.0 817.3267326732673
111.0 1061.2871287128712
111.0 1012.5940594059406
111.0 1087.3267326732673
111.0 836.1683168316831
111.0 883.1980198019802
111.0 764.1188118811881
111.0 671.5346534653465
111.0 621.4158415841584
111.0 969.1089108910891
111.0 1219.1287128712872
111.0 1168.1980198019803
111.0 992.009900990099
111.0 821.1584158415842
111.0 1091.8019801980197
111.0 1106.5742574257426
111.0 768.0297029702971
111.0 560.6336633663366
111.0 854.7326732673267
111.0 797.2970297029703
111.0 666.8613861386139
111.0 800.6039603960396
111.0 738.7029702970297
111.0 679.1881188118812
111.0 969.6435643564356
111.0 1053.009900990099
111.0 1065.3564356435643
111.0 858.6732673267327
111.0 724.1089108910891
111.0 824.8613861386139
111.0 648.009900990099
111.0 598.9306930693069
111.0 1124.5544554455446
111.0 1011.4554455445544
111.0 789.4356435643564
111.0 978.2871287128713
111.0 837.1089108910891
111.0 747.4059405940594
111.0 779.1386138613861
111.0 579.7722772277227
111.0 675.1386138613861
111.0 1083.029702970297
111.0 1171.2277227722773
111.0 1020.7227722772277
111.0 1247.5742574257426
111.0 815.6930693069307
111.0 533.980198019802
111.0 596.8217821782179
111.0 671.6138613861386
111.0 848.4158415841584
111.0 868.2178217821782
110.0 943.0297029702971
110.0 857.5544554455446
110.0 616.5445544554456
110.0 674.5643564356436
110.0 850.4851485148515
110.0 1244.118811881188
110.0 961.9108910891089
110.0 1143.6039603960396
110.0 1245.8019801980197
110.0 983.8316831683169
110.0 769.8910891089109
110.0 593.940594059406
110.0 711.6237623762377
110.0 1302.3069306930693
110.0 970.2178217821782
110.0 716.6138613861386
110.0 658.2871287128713
110.0 682.4158415841584
110.0 743.7029702970297
110.0 905.4356435643564
110.0 746.2079207920792
110.0 925.3069306930693
110.0 929.5841584158416
110.0 865.1683168316831
110.0 1253.7227722772277
110.0 1159.2277227722773
110.0 943.8613861386139
110.0 1079.8316831683169
110.0 866.6435643564356
110.0 930.9009900990098
110.0 733.0990099009902
110.0 844.6237623762377
110.0 671.950495049505
110.0 849.2673267326733
110.0 801.1386138613861
110.0 886.8811881188119
110.0 1069.7722772277227
110.0 1024.970297029703
110.0 942.3465346534654
110.0 636.7227722772277
110.0 943.2574257425742
110.0 935.039603960396
110.0 810.6336633663366
110.0 1095.3366336633662
110.0 941.6237623762377
110.0 520.6237623762377
110.0 1007.8910891089109
110.0 941.0792079207921
126.0 991.5346534653465
126.0 1077.3960396039604
126.0 1468.1782178217823
126.0 1326.90099009901
126.0 1174.2772277227723
126.0 1114.7128712871288
126.0 1128.881188118812
126.0 984.5247524752475
126.0 965.8811881188119
126.0 732.1386138613861
126.0 860.4455445544554
126.0 1052.4158415841584
126.0 929.5247524752475
126.0 1043.5148514851485
126.0 1047.8019801980197
126.0 903.8514851485148
126.0 893.7722772277227
126.0 980.049504950495
126.0 1132.1386138613861
126.0 897.8415841584158
126.0 902.4257425742575
126.0 792.3267326732673
126.0 813.2277227722773
126.0 757.5247524752475
126.0 782.7722772277227
126.0 741.950495049505
126.0 695.2277227722773
126.0 935.8217821782179
126.0 859.2376237623762
126.0 913.6831683168317
126.0 1097.4455445544554
126.0 925.2772277227723
126.0 986.940594059406
126.0 733.5049504950495
126.0 893.1980198019802
126.0 1041.029702970297
126.0 1031.2475247524753
126.0 1257.3762376237623
126.0 1127.2871287128712
126.0 1126.5940594059407
126.0 1052.3366336633662
126.0 653.1188118811881
126.0 704.3069306930693
126.0 789.5346534653465
126.0 667.4752475247525
126.0 838.5544554455446
126.0 959.8415841584158
126.0 757.5247524752475
126.0 656.7623762376238
126.0 798.9207920792079
126.0 1050.2079207920792
122.0 803.3366336633663
122.0 867.8811881188119
122.0 753.1089108910891
122.0 962.950495049505
122.0 1144.3564356435643
122.0 831.7722772277227
122.0 1159.029702970297
122.0 948.5742574257425
122.0 1095.1584158415842
122.0 1175.2772277227723
122.0 955.5148514851485
122.0 943.5742574257425
122.0 774.1188118811881
122.0 953.8316831683169
122.0 847.6732673267327
122.0 986.3168316831683
122.0 1011.7128712871287
122.0 1304.2277227722773
122.0 1519.851485148515
122.0 1107.881188118812
122.0 1026.5643564356435
122.0 1015.6930693069307
122.0 1073.0
122.0 835.4356435643564
122.0 1436.029702970297
122.0 1016.1188118811881
122.0 1107.4158415841584
122.0 1019.3564356435644
122.0 958.8712871287129
122.0 1078.4752475247524
122.0 1147.8415841584158
120.0 925.940594059406
120.0 1035.049504950495
120.0 1070.6633663366338
120.0 910.049504950495
120.0 1120.7128712871288
120.0 1003.4950495049505
120.0 1307.1386138613861
120.0 1480.3267326732673
120.0 1166.3465346534654
120.0 1134.990099009901
120.0 939.4851485148515
120.0 920.8316831683169
120.0 1093.9405940594058
120.0 913.7227722772277
120.0 744.1188118811881
120.0 787.3564356435644
120.0 706.2772277227723
120.0 1068.4554455445545
120.0 958.950495049505
120.0 584.960396039604
120.0 558.1188118811881
120.0 643.1089108910891
120.0 521.2178217821782
120.0 773.9702970297029
120.0 884.9306930693069
120.0 646.7623762376238
120.0 940.960396039604
120.0 1121.7722772277227
120.0 1129.8613861386139
120.0 902.8811881188119
120.0 726.7722772277227
120.0 604.2079207920792
120.0 993.039603960396
120.0 874.9009900990098
120.0 1230.7128712871288
120.0 1051.3663366336634
120.0 1018.6534653465346
120.0 991.5643564356436
120.0 586.059405940594
120.0 763.9108910891089
120.0 940.039603960396
120.0 620.8811881188119
120.0 655.6435643564356
120.0 758.7029702970297
120.0 872.3663366336634
120.0 654.0891089108911
120.0 806.3069306930693
120.0 673.5148514851485
120.0 769.009900990099
120.0 816.990099009901
120.0 710.3069306930693
120.0 852.3564356435644
120.0 728.8712871287129
120.0 735.960396039604
120.0 918.3960396039604
120.0 800.9702970297029
120.0 892.950495049505
120.0 932.1683168316831
120.0 680.7821782178218
120.0 871.5643564356436
120.0 902.6039603960396
120.0 693.1881188118812
120.0 799.2772277227723
120.0 924.4059405940594
120.0 993.8217821782179
120.0 966.1782178217821
120.0 1103.009900990099
120.0 1010.9108910891089
119.0 791.9702970297029
119.0 766.5346534653465
119.0 881.7326732673267
119.0 1023.5247524752475
119.0 1101.4752475247524
119.0 985.8712871287129
119.0 1127.851485148515
119.0 1072.7227722772277
119.0 1184.5346534653465
119.0 1120.2871287128712
119.0 935.5841584158416
119.0 1036.039603960396
119.0 902.7920792079208
119.0 706.4059405940594
119.0 922.3168316831683
119.0 718.0693069306931
119.0 883.2574257425742
119.0 1039.2772277227723
119.0 1155.920792079208
119.0 1079.1980198019803
119.0 901.0990099009902
119.0 1059.7623762376238
119.0 1193.4257425742574
119.0 740.1287128712871
119.0 710.9306930693069
119.0 935.4554455445544
119.0 1112.7623762376238
119.0 985.6138613861386
119.0 698.5940594059406
119.0 682.8118811881188
119.0 656.3663366336634
119.0 797.1287128712871
119.0 1110.039603960396
119.0 826.1485148514852
119.0 764.5247524752475
119.0 978.3861386138614
119.0 1010.7425742574258
119.0 922.4356435643564
119.0 833.6138613861386
119.0 873.049504950495
119.0 810.4950495049505
119.0 1122.1287128712872
119.0 725.049504950495
119.0 859.3663366336634
119.0 970.6138613861386
119.0 767.4752475247525
119.0 838.1980198019802
119.0 889.6138613861386
119.0 1091.8910891089108
119.0 894.8019801980198
119.0 917.9009900990098
119.0 794.1188118811881
119.0 752.5148514851485
119.0 1052.3168316831684
119.0 1000.8019801980198
119.0 698.3564356435644
119.0 971.6237623762377
119.0 725.1584158415842
119.0 834.990099009901
117.0 883.5148514851485
117.0 673.6534653465346
117.0 899.5148514851485
117.0 1118.4752475247524
117.0 1018.5841584158416
117.0 832.2772277227723
117.0 884.6039603960396
117.0 810.4356435643564
117.0 1242.7920792079208
117.0 1275.2475247524753
117.0 1266.881188118812
117.0 1145.079207920792
117.0 701.4851485148515
117.0 783.940594059406
117.0 814.950495049505
117.0 1003.1584158415842
117.0 668.8613861386139
117.0 857.8613861386139
117.0 643.2277227722773
117.0 948.3168316831683
117.0 1106.5247524752476
120.0 793.8514851485148
120.0 926.1188118811881
120.0 923.059405940594
120.0 1169.8712871287128
120.0 1288.970297029703
120.0 959.5445544554456
120.0 924.9108910891089
120.0 771.7722772277227
120.0 631.3960396039604
120.0 747.3366336633663
120.0 1014.9306930693069
120.0 941.0
120.0 1013.6930693069307
120.0 828.6930693069307
120.0 804.4752475247525
120.0 1060.049504950495
120.0 1003.2772277227723
120.0 820.7920792079208
120.0 497.3069306930693
120.0 736.0891089108911
120.0 738.7722772277227
120.0 748.2772277227723
120.0 528.7227722772277
120.0 635.1980198019802
118.0 858.8712871287129
118.0 828.7623762376238
118.0 602.1188118811881
118.0 663.3465346534654
118.0 875.019801980198
118.0 827.019801980198
118.0 735.960396039604
117.0 851.1683168316831
117.0 814.5841584158416
117.0 664.3267326732673
117.0 602.5346534653465
117.0 853.0693069306931
117.0 738.7128712871287
117.0 1194.950495049505
117.0 1461.2574257425742
117.0 1416.6732673267327
117.0 1183.2772277227723
117.0 1196.3069306930693
117.0 1228.4356435643565
117.0 901.3267326732673
117.0 1074.1287128712872
117.0 489.0990099009901
117.0 742.8613861386139
117.0 1135.6435643564357
117.0 1088.039603960396
117.0 846.7524752475248
117.0 794.4851485148515
117.0 1026.920792079208
117.0 990.9306930693069
117.0 909.7821782178218
117.0 509.1980198019802
117.0 790.8613861386139
117.0 814.2772277227723
117.0 586.2871287128713
117.0 641.6039603960396
117.0 931.5049504950495
117.0 978.9306930693069
117.0 1082.2970297029703
117.0 1322.851485148515
117.0 1140.8712871287128
115.0 1244.3762376237623
115.0 1171.049504950495
115.0 1109.148514851485
115.0 916.1584158415842
115.0 1156.6930693069307
115.0 820.3960396039604
115.0 855.3465346534654
115.0 1055.881188118812
115.0 995.2079207920792
115.0 804.6831683168317
115.0 849.3465346534654
115.0 665.6534653465346
115.0 777.3366336633663
115.0 751.8910891089109
115.0 563.6534653465346
115.0 996.980198019802
113.0 901.1881188118812
113.0 1102.029702970297
113.0 849.2079207920792
113.0 933.2574257425742
113.0 1111.960396039604
113.0 574.9702970297029
113.0 735.9702970297029
113.0 731.3762376237623
113.0 1051.3762376237623
113.0 791.2772277227723
113.0 901.7227722772277
113.0 749.1980198019802
113.0 1044.4851485148515
113.0 970.4257425742575
113.0 742.5049504950495
113.0 1156.90099009901
113.0 1111.3861386138615
113.0 1151.3663366336634
113.0 1009.6930693069307
113.0 978.2772277227723
113.0 689.8811881188119
113.0 580.6336633663366
113.0 738.5742574257425
113.0 988.4950495049505
113.0 1008.3762376237623
113.0 1358.6336633663366
113.0 1100.960396039604
113.0 826.980198019802
113.0 941.1089108910891
113.0 883.6435643564356
113.0 602.7029702970297
113.0 530.5247524752475
113.0 834.7524752475248
113.0 1007.5643564356436
113.0 1033.6633663366338
113.0 798.4257425742575
113.0 717.7227722772277
113.0 877.3564356435644
113.0 770.0
113.0 663.6633663366337
113.0 854.0297029702971
113.0 1109.1683168316831
113.0 922.4851485148515
113.0 1165.079207920792
113.0 1074.7227722772277
113.0 1077.2970297029703
113.0 1426.2178217821781
113.0 756.039603960396
113.0 976.9207920792079
113.0 741.4950495049505
113.0 796.8217821782179
113.0 857.7227722772277
113.0 1079.2079207920792
113.0 875.2376237623762
113.0 701.6435643564356
113.0 915.6930693069307
113.0 1068.6435643564357
113.0 874.5643564356436
113.0 537.3960396039604
113.0 804.5940594059406
113.0 735.4752475247525
112.0 805.3663366336634
112.0 730.7326732673267
112.0 837.2772277227723
112.0 1220.5148514851485
112.0 930.3366336633663
112.0 726.0297029702971
112.0 632.3069306930693
112.0 961.7425742574258
112.0 881.1089108910891
112.0 1040.8217821782177
112.0 1258.960396039604
112.0 1333.019801980198
112.0 1268.118811881188
112.0 1187.09900990099
112.0 886.2178217821782
112.0 1106.8613861386139
112.0 903.1386138613861
112.0 808.5742574257425
112.0 822.0693069306931
112.0 546.980198019802
112.0 545.5940594059406
112.0 515.009900990099
112.0 786.990099009901
112.0 710.6930693069307
112.0 824.5841584158416
112.0 791.3366336633663
112.0 977.6633663366337
112.0 1054.5445544554455
112.0 885.6237623762377
112.0 1237.5247524752476
112.0 1173.148514851485
112.0 998.059405940594
112.0 1125.2673267326732
112.0 995.3960396039604
112.0 1190.0891089108911
112.0 927.0891089108911
112.0 710.950495049505
112.0 727.4554455445544
112.0 517.1980198019802
112.0 435.64356435643566
112.0 775.3960396039604
112.0 666.5940594059406
112.0 758.039603960396
112.0 777.8514851485148
112.0 776.0792079207921
112.0 777.5445544554456
112.0 670.7920792079208
112.0 820.1683168316831
112.0 906.950495049505
112.0 731.7524752475248
112.0 845.5247524752475
112.0 1209.7425742574258
112.0 1435.5940594059407
112.0 1043.4455445544554
112.0 817.6435643564356
112.0 879.5544554455446
112.0 851.4950495049505
112.0 598.049504950495
112.0 951.4851485148515
112.0 760.9702970297029
112.0 831.7326732673267
112.0 907.2970297029703
112.0 892.7425742574258
112.0 999.3861386138614
112.0 1316.5445544554455
112.0 646.950495049505
112.0 759.5247524752475
112.0 888.7623762376238
112.0 1034.930693069307
112.0 868.2673267326733
112.0 838.1386138613861
112.0 624.5643564356436
112.0 896.8910891089109
112.0 853.019801980198
112.0 688.1584158415842
112.0 1080.2574257425742
112.0 974.7920792079208
112.0 1104.8712871287128
112.0 800.8415841584158
112.0 722.8613861386139
112.0 650.1188118811881
112.0 1058.5643564356435
112.0 1010.7920792079208
112.0 1005.5643564356436
112.0 935.9108910891089
112.0 687.4158415841584
112.0 916.0297029702971
112.0 1181.0
112.0 1179.8217821782177
112.0 884.0297029702971
112.0 1250.5643564356435
112.0 1044.039603960396
112.0 1062.970297029703
112.0 815.5544554455446
112.0 844.3069306930693
112.0 869.2277227722773
112.0 824.0792079207921
112.0 1034.4257425742574
112.0 881.2673267326733
112.0 1052.6831683168316
112.0 513.6831683168317
112.0 1023.3564356435644
112.0 972.4356435643564
112.0 939.3861386138614
112.0 872.2475247524752
112.0 927.3861386138614
112.0 911.3762376237623
112.0 617.4554455445544
112.0 532.7128712871287
112.0 828.5148514851485
112.0 1014.8217821782179
112.0 1099.7128712871288
112.0 1093.3168316831684
112.0 885.1683168316831
112.0 1041.3861386138615
112.0 792.3267326732673
112.0 884.4554455445544
112.0 1178.4257425742574
112.0 1200.8415841584158
112.0 1051.3168316831684
112.0 1034.039603960396
112.0 1244.8910891089108
112.0 1141.009900990099
112.0 819.990099009901
112.0 684.4950495049505
112.0 422.7821782178218
112.0 684.3366336633663
112.0 805.059405940594
112.0 834.3861386138614
112.0 827.5445544554456
112.0 666.2673267326733
112.0 871.6336633663366
112.0 686.059405940594
112.0 1147.4059405940593
112.0 865.5247524752475
112.0 950.8415841584158
112.0 1231.990099009901
112.0 1149.990099009901
112.0 826.6336633663366
112.0 1213.049504950495
112.0 991.0693069306931
112.0 1085.1782178217823
112.0 1030.8019801980197
112.0 1126.3663366336634
112.0 756.7920792079208
112.0 790.1881188118812
112.0 1141.2277227722773
112.0 1136.7821782178219
112.0 920.7920792079208
112.0 1280.4356435643565
112.0 1347.1881188118812
112.0 765.3861386138614
112.0 582.3663366336634
112.0 985.1980198019802
112.0 890.6237623762377
112.0 900.2376237623762
112.0 959.6435643564356
112.0 891.990099009901
112.0 927.7920792079208
112.0 931.3168316831683
112.0 1037.6633663366338
112.0 623.4059405940594
112.0 722.4257425742575
112.0 817.8217821782179
112.0 819.6237623762377
112.0 765.1089108910891
112.0 819.4356435643564
112.0 788.8811881188119
112.0 1060.7029702970297
112.0 667.1683168316831
112.0 986.2376237623762
112.0 1122.851485148515
112.0 827.950495049505
112.0 743.039603960396
112.0 1054.5148514851485
112.0 858.1287128712871
112.0 798.9207920792079
112.0 884.8910891089109
112.0 855.7920792079208
112.0 1005.6534653465346
112.0 985.6039603960396
112.0 808.8712871287129
112.0 854.3762376237623
112.0 529.9009900990098
112.0 692.5544554455446
112.0 697.049504950495
112.0 884.6534653465346
112.0 993.5841584158416
112.0 899.2277227722773
112.0 965.4653465346535
112.0 879.8712871287129
112.0 685.6534653465346
112.0 641.3663366336634
112.0 823.9306930693069
112.0 1335.8415841584158
