7.694675284702986E-4 3.7268688120251027E-4
7.954183900731785E-4 4.16070600721669E-4
9.122422915526364E-4 4.677180499316629E-4
9.122422915526364E-4 5.032919514538438E-4
9.274717121127806E-4 5.398328260105246E-4
9.848335631278313E-4 5.531954961954774E-4
9.848335631278313E-4 6.002238174255632E-4
9.97406742469579E-4 6.483247511764216E-4
9.97406742469579E-4 6.691372236884069E-4
0.001034126163391934 6.640925963443575E-4
0.001034126163391934 6.590535880841569E-4
0.0013252054068380599 6.765609767952962E-4
0.0013252054068380599 7.086316819092525E-4
0.0016307893020221786 7.738718782469339E-4
0.0016307893020221786 8.085762475161255E-4
0.0016307893020221786 8.822685499861289E-4
0.0016852039096730705 9.133677845288336E-4
0.0016852039096730705 0.0010057794094062308
0.0018796992481203006 0.0010298814416768141
0.0021150592216582064 0.0011116671015680816
0.0028506271379703536 0.0010896715342700123
0.0030175015087507548 0.0012869108206772877
0.0030175015087507548 0.001390040112632651
0.004266211604095563 0.0018088245614938136
0.0045045045045045045 0.0022332342397069008
0.0045045045045045045 0.00228617632804661
0.0045045045045045045 0.002376085235669322
0.0045045045045045045 0.0025065524095014384
0.0045045045045045045 0.0029083454658761134
0.0045045045045045045 0.003024866291031006
0.0053475935828877 0.002903083577551999
0.005820721769499417 0.003328243240673444
0.005820721769499417 0.003785599020810215
0.005820721769499417 0.003542300498908477
0.005820721769499417 0.004156937154882676
0.005820721769499417 0.004274357668958355
0.005820721769499417 0.004260317391191586
0.005820721769499417 0.004339291769242485
0.005834305717619603 0.0044674469795587405
0.005834305717619603 0.004348426022221303
0.006090133982947625 0.004355951783673329
0.006090133982947625 0.004279815667353135
0.006090133982947625 0.00408911980175805
0.006090133982947625 0.004380983867431063
0.006090133982947625 0.004569558764621621
0.007564296520423602 0.004389321010045644
0.007564296520423602 0.004049718385146963
0.007564296520423602 0.004154909452465818
0.007692307692307693 0.004772026182436188
0.007692307692307693 0.004797151230491865
0.010799136069114472 0.0048926427828836026
0.010799136069114472 0.005397265170083205
0.010799136069114472 0.005988359145036555
0.010845986984815618 0.006480499968872397
0.010845986984815618 0.006897965861074121
0.010845986984815618 0.007913277431216777
0.010845986984815618 0.007931796930691815
0.010845986984815618 0.008224014752360086
0.010845986984815618 0.007941297832587091
0.010845986984815618 0.00815018879083048
0.010845986984815618 0.00864689820087939
0.010845986984815618 0.007204586256773879
0.010845986984815618 0.007090694505983463
0.010845986984815618 0.007501740437683175
0.010845986984815618 0.007937905028096187
0.01256281407035176 0.007569384336253907
0.01256281407035176 0.006764940346496433
0.01256281407035176 0.007372807741702314
0.01256281407035176 0.006934123205987434
0.01256281407035176 0.008007916172644092
0.01256281407035176 0.008311150981743115
0.01256281407035176 0.00829872660519814
0.01256281407035176 0.008180808203554296
0.01256281407035176 0.006972413240119393
0.01256281407035176 0.008210197366074097
0.01256281407035176 0.009137201122494047
0.01256281407035176 0.008699771210153227
0.01256281407035176 0.00895884805362851
0.01256281407035176 0.008970111857096216
0.01256281407035176 0.009065123564674362
0.01256281407035176 0.00926746953963727
0.01256281407035176 0.00834288969854635
0.01256281407035176 0.008675569815020372
0.01256281407035176 0.00910798622242987
0.01256281407035176 0.008843986375260082
0.012658227848101266 0.009332513189240823
0.012658227848101266 0.008878464616977798
0.012658227848101266 0.009553926503858149
0.012658227848101266 0.010051026694472432
0.012658227848101266 0.00952296945607469
0.012658227848101266 0.008732131821648932
0.012658227848101266 0.008720801316233985
0.012658227848101266 0.008055224030242182
0.012658227848101266 0.008862546787907362
0.012658227848101266 0.007715069654618823
0.012658227848101266 0.008487800719648572
0.012658227848101266 0.009495745959132327
0.012658227848101266 0.010026101016975294
0.012658227848101266 0.010605907976245473
0.012658227848101266 0.010364005536922712
0.012658227848101266 0.01010686972856034
0.012658227848101266 0.00986345115561318
0.012658227848101266 0.009886111889302947
0.012658227848101266 0.01038562561402612
0.012658227848101266 0.008543431953386292
0.012658227848101266 0.008394354923963251
0.012658227848101266 0.010118905391615333
0.012658227848101266 0.00933635551653773
0.012658227848101266 0.009234382797652412
0.012658227848101266 0.010241213221875572
0.012658227848101266 0.010270514256808066
0.012658227848101266 0.010028131357295553
0.012658227848101266 0.009653418301654258
0.012658227848101266 0.010019478058324031
0.013850415512465374 0.01005944798144278
0.013850415512465374 0.010596334722870204
0.013850415512465374 0.010044329359866943
0.013850415512465374 0.009768131413500478
0.013850415512465374 0.010321371093725343
0.01838235294117647 0.00966766381445683
0.01838235294117647 0.010291364911046968
0.01838235294117647 0.009951120454497517
0.01838235294117647 0.009926365054642644
0.01838235294117647 0.010692289204109714
0.01838235294117647 0.01160471022959932
0.01838235294117647 0.013176744591843282
0.01838235294117647 0.012627124135444015
0.01838235294117647 0.012709562264641396
0.01838235294117647 0.012932109879746578
0.01838235294117647 0.012915747428387487
0.01838235294117647 0.01449076851871186
0.01838235294117647 0.013556447348374688
0.01838235294117647 0.013861334184163377
0.01838235294117647 0.014498939080541227
0.01937984496124031 0.014781623504932877
0.01937984496124031 0.013824825418521827
0.01937984496124031 0.012976331313670236
0.01937984496124031 0.012698122517289735
0.01937984496124031 0.013557366938585641
0.01937984496124031 0.012862250065065134
0.01937984496124031 0.013366506385938884
0.01937984496124031 0.012924244886890288
0.01937984496124031 0.013574525293197089
0.01937984496124031 0.012967032578917802
0.01937984496124031 0.012373514494376845
0.01937984496124031 0.014559560172227842
0.01937984496124031 0.013554360096515698
0.01937984496124031 0.014960317370803352
0.01937984496124031 0.015764690787473144
0.01937984496124031 0.014253735761170826
0.01937984496124031 0.013741712225745434
0.01937984496124031 0.01425171638728465
0.01937984496124031 0.013795476356139128
0.01937984496124031 0.013958041635463594
0.01937984496124031 0.015525541426255209
0.01937984496124031 0.0155298088214774
0.01937984496124031 0.014839682478998308
0.019762845849802372 0.01463045256551422
0.019762845849802372 0.013701879058150547
0.019762845849802372 0.012954355545335807
0.019762845849802372 0.01168336334485713
0.019762845849802372 0.010709422443239702
0.019762845849802372 0.012239126382001066
0.019762845849802372 0.012221054308838544
0.019762845849802372 0.012960612896169597
0.019762845849802372 0.012943641063482388
0.019762845849802372 0.014029845010396932
0.019762845849802372 0.015390204799916703
0.019762845849802372 0.014843406431163605
0.019762845849802372 0.0155743733797984
0.019762845849802372 0.01551647370029357
0.019762845849802372 0.015418135734045348
0.019762845849802372 0.01505086707315179
0.019762845849802372 0.013825517796148908
0.019762845849802372 0.012317551472812122
0.019762845849802372 0.01279820802957344
0.019762845849802372 0.013960375636328294
0.019762845849802372 0.015162717192411478
0.019762845849802372 0.01521392890575622
0.019762845849802372 0.013866363688776685
0.019762845849802372 0.01344548436829495
0.019762845849802372 0.013858839157989461
0.019762845849802372 0.013874458511066421
0.019762845849802372 0.015947240803883836
0.019762845849802372 0.014835657127013116
0.019762845849802372 0.013680917881561349
0.019762845849802372 0.014338794608875592
0.019762845849802372 0.01477227666400912
0.019762845849802372 0.015223933850929816
0.019762845849802372 0.013866220667574697
0.019762845849802372 0.015136192850467672
0.019762845849802372 0.015376226886911776
0.019762845849802372 0.015111843771976934
0.019762845849802372 0.015436697572057656
0.019762845849802372 0.015301631018815801
0.019762845849802372 0.015447123044227618
0.019762845849802372 0.014587389079623087
0.019762845849802372 0.015087859153613619
0.019762845849802372 0.01425140862140115
0.019762845849802372 0.01488437000854763
0.019762845849802372 0.015485702951373475
0.019762845849802372 0.014025637652987822
0.019762845849802372 0.012476895922590032
0.019762845849802372 0.012822998825738023
0.019762845849802372 0.015522617648461112
0.019762845849802372 0.01515673746012802
0.019762845849802372 0.015856480895907753
0.019762845849802372 0.016200787779841363
0.019762845849802372 0.016028183802624697
0.019762845849802372 0.015187362567909313
0.019762845849802372 0.014307882461293716
0.019762845849802372 0.013778989794194977
0.019762845849802372 0.014198020213621572
0.019762845849802372 0.015367832515307645
0.019762845849802372 0.014809558368031063
0.019762845849802372 0.013881814101656969
0.019762845849802372 0.014161662892364542
0.019762845849802372 0.014100067905397454
0.019762845849802372 0.015001330023743596
0.019762845849802372 0.014633944548984479
0.019762845849802372 0.015040765505216196
0.0199203187250996 0.015009302470447782
0.0199203187250996 0.013989786182420373
0.0199203187250996 0.014668572881195826
0.0199203187250996 0.015348308239506772
0.0199203187250996 0.014270496444371021
0.0199203187250996 0.012543385712034588
0.0199203187250996 0.013010825480999688
0.0199203187250996 0.011038219844908577
0.0199203187250996 0.012380228168805652
0.0199203187250996 0.012560183017604545
0.0199203187250996 0.013349212378840052
0.0199203187250996 0.0131010670605062
0.0199203187250996 0.015288040968467715
0.0199203187250996 0.01608316257334226
0.0199203187250996 0.01447928136694237
0.0199203187250996 0.014628680639413374
0.0199203187250996 0.01612587309351593
0.0199203187250996 0.015526645394756768
0.0199203187250996 0.014674208700653625
0.0199203187250996 0.012298563972124359
0.0199203187250996 0.013655327427563669
0.0199203187250996 0.013698135941002814
0.0199203187250996 0.015176354297316874
0.0199203187250996 0.01616585813165883
0.0199203187250996 0.01623614140020148
0.0199203187250996 0.016069820479666687
0.0199203187250996 0.016781252352085982
0.0199203187250996 0.016100716881397692
0.0199203187250996 0.016706227105480198
0.0199203187250996 0.015642272127724843
0.0199203187250996 0.013870445093744117
0.0199203187250996 0.014275358165595919
0.0199203187250996 0.014567841943264177
0.0199203187250996 0.01450343756620818
0.0199203187250996 0.014191713149806098
0.0199203187250996 0.01561499992710097
0.0199203187250996 0.013431501945538387
0.0199203187250996 0.012661972614282422
0.0199203187250996 0.013664419790781934
0.0199203187250996 0.012204721242619463
0.0199203187250996 0.012978810058817439
0.0199203187250996 0.015381668624544098
0.0199203187250996 0.015192691287835314
0.0199203187250996 0.016307881836440545
0.0199203187250996 0.016278378182302957
0.0199203187250996 0.015540600161395145
0.0199203187250996 0.016607354074428034
0.0199203187250996 0.015824496128996828
0.0199203187250996 0.016205839257597603
0.0199203187250996 0.014153074045230694
0.0199203187250996 0.014337535656927856
0.0199203187250996 0.014005721457417259
0.0199203187250996 0.014015455391642942
0.0199203187250996 0.013448432373742445
0.0199203187250996 0.015324599640886772
0.0199203187250996 0.014956208777952222
0.0199203187250996 0.015422322984351788
0.0199203187250996 0.0165589941217214
0.0199203187250996 0.014787153890583422
0.0199203187250996 0.015041753772442408
0.0199203187250996 0.015016512584956648
0.02 0.015846621804346647
0.02 0.016395830804351322
0.02 0.01489489112617529
0.02 0.013339639639202015
0.02 0.015354796883592224
0.02 0.013724075172994062
0.02 0.013402732191151477
0.02 0.013491887765249424
0.02 0.012782532078937071
0.02 0.013327701642042538
0.02 0.012876705742557474
0.020161290322580645 0.012253781858143633
0.020161290322580645 0.012070711413389983
0.020161290322580645 0.012245447557579158
0.020161290322580645 0.013128822871409616
0.020161290322580645 0.014565273057846785
0.020161290322580645 0.014531858137455158
0.020242914979757085 0.013906428415015945
0.020242914979757085 0.01534349116646428
0.020242914979757085 0.01601068589428311
0.020242914979757085 0.014258419764535037
0.020242914979757085 0.014751615846338738
0.020242914979757085 0.015049554967386887
0.02040816326530612 0.013899289134473743
0.02040816326530612 0.012015829054144212
0.02040816326530612 0.012898961578751351
0.02040816326530612 0.010896648000874325
0.02040816326530612 0.010219918599323736
0.02040816326530612 0.012673403981810558
0.02040816326530612 0.014420700947202646
0.02040816326530612 0.013251376041308478
0.02040816326530612 0.014107185054507856
0.02040816326530612 0.013959753902602451
0.02040816326530612 0.01486973486790203
0.02040816326530612 0.016727644777315375
0.02040816326530612 0.01548867805245266
0.02040816326530612 0.016639043394881384
0.022831050228310504 0.014939003242302061
0.022831050228310504 0.015110286478636666
0.022831050228310504 0.015175497584962703
0.022831050228310504 0.014204008977566424
0.022831050228310504 0.014201871973291782
0.022831050228310504 0.013370461174269238
0.022831050228310504 0.014050883413513396
0.022831050228310504 0.01338033194167129
0.022831050228310504 0.01580161918455779
0.022831050228310504 0.015395333152380246
0.022831050228310504 0.015782301493278875
0.022831050228310504 0.012512339881834837
0.022831050228310504 0.014996215753205583
0.022831050228310504 0.01618851641127902
0.022831050228310504 0.01579979554896674
0.022831050228310504 0.016789943138656872
0.022831050228310504 0.016285288990086706
0.022831050228310504 0.016343687847726874
0.022831050228310504 0.016531794047937108
0.022831050228310504 0.01586848885713807
0.022831050228310504 0.015209500578375786
0.027173913043478264 0.01567873376022595
0.027173913043478264 0.016689245078378375
0.027173913043478264 0.015288138029575023
0.027173913043478264 0.016436653379303574
0.027173913043478264 0.013946814005767381
0.027173913043478264 0.01496843896956436
0.027173913043478264 0.016782252698129687
0.027173913043478264 0.016152323158824967
0.027173913043478264 0.015005059534584291
0.027173913043478264 0.014583449199337375
0.027173913043478264 0.013317493004181608
0.027173913043478264 0.015084791747042888
0.027173913043478264 0.01559403361912338
0.027173913043478264 0.016935347429414677
0.027173913043478264 0.01942014525019046
0.027173913043478264 0.02111234691712474
0.027173913043478264 0.02083669291913869
0.027173913043478264 0.021537306855860913
0.027173913043478264 0.022122799366691953
0.027173913043478264 0.02038904303664501
0.027173913043478264 0.01949336804062453
0.027173913043478264 0.019327767517449027
0.027173913043478264 0.020453617279389505
0.027173913043478264 0.01855747302946031
0.027173913043478264 0.01744342068844391
0.027173913043478264 0.017077758417648328
0.027173913043478264 0.018617261085792747
0.027173913043478264 0.02156219056035236
0.027173913043478264 0.020917885426935262
0.027173913043478264 0.021234967804506434
0.027173913043478264 0.018440008944431895
0.027173913043478264 0.019888540618685415
0.027173913043478264 0.01892093202808494
0.027173913043478264 0.0191888933741294
0.027173913043478264 0.017534860246579593
0.027173913043478264 0.020002501221641728
0.027173913043478264 0.020377361464274713
0.027173913043478264 0.02012039909452784
0.027173913043478264 0.01675377385403392
0.027173913043478264 0.018435849226670516
0.027173913043478264 0.019329738371714304
0.027173913043478264 0.0206562504146094
0.027173913043478264 0.019296136733340373
0.027173913043478264 0.01920027523791788
0.027173913043478264 0.02033245076621289
0.027173913043478264 0.019072168216951478
0.027173913043478264 0.020020834156461546
0.027173913043478264 0.020557535118586396
0.027173913043478264 0.021191361935332807
0.027173913043478264 0.01910618835562433
0.027173913043478264 0.018684778767075125
0.027173913043478264 0.01809086778493792
0.027173913043478264 0.019884093228110734
0.027173913043478264 0.016882961150636467
0.027173913043478264 0.01943796946582424
0.027173913043478264 0.017917427381527802
0.027173913043478264 0.0188106983551168
0.027173913043478264 0.020596740393784854
0.027173913043478264 0.021035118673257327
0.027173913043478264 0.02038750775628064
0.027173913043478264 0.019491589915677125
0.03496503496503496 0.019762877630898203
0.03496503496503496 0.021120390724281034
0.03496503496503496 0.022650236125020866
0.03496503496503496 0.020998665810836113
0.03496503496503496 0.02119231070630696
0.03496503496503496 0.02336169217530326
0.03496503496503496 0.022402122324172095
0.03496503496503496 0.019143213875874376
0.03496503496503496 0.021821787344926263
0.03496503496503496 0.023419456675900827
0.03496503496503496 0.02825737737794702
0.03496503496503496 0.026752132968203484
0.03496503496503496 0.025836145420197593
0.03496503496503496 0.027867202239553714
0.03496503496503496 0.025728800335948092
0.03496503496503496 0.02652234356210245
0.03496503496503496 0.026896619505189182
0.03496503496503496 0.024635607716595724
0.03496503496503496 0.02355514507385128
0.03496503496503496 0.026078146552569664
0.03496503496503496 0.02457942503611928
0.03496503496503496 0.02407422438841913
0.03496503496503496 0.023362966455216246
0.03496503496503496 0.024153833806339144
0.03496503496503496 0.024087577263516832
0.03496503496503496 0.025382786217015816
0.03496503496503496 0.024741770114537338
0.03496503496503496 0.024430014329312875
0.03496503496503496 0.02454620257521981
0.03496503496503496 0.02451705887294295
0.03496503496503496 0.027254211116233534
0.03496503496503496 0.02363585629176144
0.03496503496503496 0.025339878139954947
0.03496503496503496 0.022834478466684637
0.03496503496503496 0.025365837465692
0.03496503496503496 0.024856032356764847
0.03496503496503496 0.02390769839248363
0.03496503496503496 0.019867559474102545
0.03496503496503496 0.020266813828178146
0.03496503496503496 0.021270214623582234
0.03496503496503496 0.024587818605320548
0.03496503496503496 0.025705066345108843
0.03496503496503496 0.026767115654840114
0.03496503496503496 0.028234649395275174
0.03496503496503496 0.025853876959369103
0.03496503496503496 0.028210099769851973
0.03496503496503496 0.02651495994770997
0.03496503496503496 0.022746945383144618
0.03496503496503496 0.023527980148968827
0.03496503496503496 0.028120728160764198
0.03496503496503496 0.025159162236200853
0.03496503496503496 0.025421460725014673
0.03496503496503496 0.026946149671162583
0.03496503496503496 0.02591498701168404
0.03496503496503496 0.026209233290108203
0.03496503496503496 0.025271603943721577
0.03496503496503496 0.02278627178069595
0.03496503496503496 0.024372586750940884
0.03496503496503496 0.026317730593805662
0.03496503496503496 0.02790076627090585
0.03496503496503496 0.025451582357198233
0.03496503496503496 0.024980038870118623
0.03496503496503496 0.022404868985181
0.03496503496503496 0.02258582902419983
0.03496503496503496 0.01964825981549861
0.03496503496503496 0.01981854226392169
0.03496503496503496 0.02408486652080071
0.03496503496503496 0.02616155383062563
0.03496503496503496 0.027682976793599948
0.03496503496503496 0.024436347716478464
0.03496503496503496 0.023400614536959748
0.03496503496503496 0.02298189410272872
0.03496503496503496 0.022043566326123476
0.03496503496503496 0.021428269898061875
0.03496503496503496 0.02230589937916809
0.03496503496503496 0.020579933350734343
0.03496503496503496 0.023357369729570594
0.03496503496503496 0.025104729919060344
0.03496503496503496 0.026240623552470584
0.03496503496503496 0.02920306899267861
0.03496503496503496 0.026723496464028332
0.03496503496503496 0.02770316159836821
0.03496503496503496 0.025621363223734612
0.03496503496503496 0.026419134838822966
0.03496503496503496 0.027115361199815093
0.03496503496503496 0.025589134273659123
0.03496503496503496 0.023032563751820726
0.03496503496503496 0.025699928791363444
0.03496503496503496 0.025882313043411525
0.03496503496503496 0.02772863715442346
0.03496503496503496 0.027294964358085157
0.03496503496503496 0.026314516172699885
0.03496503496503496 0.027004673489127762
0.03496503496503496 0.02824138411702073
0.03496503496503496 0.028259924202593458
0.03496503496503496 0.026299935604349928
0.03496503496503496 0.022754165287783925
0.03496503496503496 0.024802093441165428
0.03496503496503496 0.024028646340840776
0.03496503496503496 0.023105034925003074
0.03496503496503496 0.027298971314923422
0.03496503496503496 0.027210950118225576
0.03496503496503496 0.026304700681639006
0.03496503496503496 0.02326905308102062
0.03496503496503496 0.024108872206716946
0.03496503496503496 0.024304473641017673
0.03496503496503496 0.023098153944751496
0.03496503496503496 0.0230752348800784
0.03496503496503496 0.02319528006252944
0.03496503496503496 0.021493470490764686
0.03496503496503496 0.02286361573760789
0.03496503496503496 0.024491703998261036
0.03496503496503496 0.02434835276306108
0.03496503496503496 0.02527772756191334
0.03496503496503496 0.0219047505782924
0.03496503496503496 0.02314299456472814
0.03496503496503496 0.02418543683153212
0.03496503496503496 0.025478100288218536
0.03496503496503496 0.024148237262024717
0.03496503496503496 0.02604420676743135
0.03496503496503496 0.02387287647379097
0.03496503496503496 0.02474458542178958
0.03496503496503496 0.022884082875032127
0.03496503496503496 0.02165926171159809
0.03496503496503496 0.02347800485643934
0.03496503496503496 0.0245196861238747
0.03496503496503496 0.022997734098538416
0.03496503496503496 0.02430715990982123
0.03496503496503496 0.027535752758331117
0.03496503496503496 0.02650838980852855
0.03496503496503496 0.02779453302822983
0.03496503496503496 0.027080751681069444
0.03496503496503496 0.025100878354351354
0.03496503496503496 0.028106068613250185
0.03496503496503496 0.02521890129653055
0.03496503496503496 0.023045676910575776
0.03496503496503496 0.019369255359911956
0.03496503496503496 0.022313521758984788
0.03496503496503496 0.025894345431319982
0.03496503496503496 0.024854621215281075
0.03496503496503496 0.02454822927514939
0.03496503496503496 0.02005071669612297
0.03496503496503496 0.02171532929700633
0.03496503496503496 0.025527852966413713
0.03496503496503496 0.02509222962610261
0.03496503496503496 0.02400294451382758
0.03496503496503496 0.026114521564080426
0.03496503496503496 0.025262379355714452
0.03496503496503496 0.026208767160871147
0.03496503496503496 0.024455486626636123
0.03496503496503496 0.026096940387045207
0.03496503496503496 0.02612018355606435
0.03496503496503496 0.026838325033087574
0.03496503496503496 0.025611361730086674
0.03496503496503496 0.02179977714973035
0.03496503496503496 0.022646061319142582
0.03496503496503496 0.02450863636735682
0.03496503496503496 0.02585245278890724
0.03496503496503496 0.027104494511042795
0.03496503496503496 0.027431990701910602
0.03496503496503496 0.0222492746090809
0.03496503496503496 0.02228298413012276
0.03496503496503496 0.025231166016013145
0.03496503496503496 0.026766737697115302
0.03496503496503496 0.029579850246109256
0.03496503496503496 0.028000018711915767
0.03496503496503496 0.027541966672537832
0.03496503496503496 0.025888322478964682
0.03496503496503496 0.025923694390566663
0.03496503496503496 0.026143077510637075
0.03496503496503496 0.023520626652891247
0.03496503496503496 0.023305513692302396
0.03496503496503496 0.025465503356590466
0.03496503496503496 0.02537703575603368
0.03496503496503496 0.02638872424073058
0.03496503496503496 0.026702732598229296
0.03496503496503496 0.027134313909632043
0.03496503496503496 0.025294406739626386
0.03496503496503496 0.025691059292872992
0.03496503496503496 0.022916800595983167
0.03496503496503496 0.02316343486933717
0.03496503496503496 0.02505906970871085
0.03496503496503496 0.02987017512618409
0.03496503496503496 0.028391122410338008
0.03496503496503496 0.028342903873746928
0.03496503496503496 0.0253386226501002
0.03496503496503496 0.024621769776924506
0.03496503496503496 0.02659695563096139
0.03496503496503496 0.02504116847887832
0.03496503496503496 0.02487792134206727
0.03496503496503496 0.025445543670949942
0.03496503496503496 0.024107050839433444
0.03496503496503496 0.02436910440462613
0.03496503496503496 0.022332871747427447
0.03496503496503496 0.021237544497026927
0.03496503496503496 0.019881255538192293
0.03496503496503496 0.022060650484789664
0.03496503496503496 0.022636754344376803
0.03496503496503496 0.02365544692885469
0.03496503496503496 0.024615184344792273
0.03496503496503496 0.025587973961097483
0.03496503496503496 0.02368018855461859
0.03496503496503496 0.02605199647358678
0.03496503496503496 0.023605526625693995
0.03496503496503496 0.026315543077668802
0.03496503496503496 0.026067966447402627
0.03496503496503496 0.02672028001523537
0.03496503496503496 0.026388244800497094
0.03496503496503496 0.0276548868495185
0.03496503496503496 0.025765271085212097
0.03496503496503496 0.02725408054315295
0.03496503496503496 0.02528203115089633
0.03496503496503496 0.019966124424219554
0.03496503496503496 0.021352699183806785
0.03496503496503496 0.023594307464943634
0.03496503496503496 0.02707316498855813
0.03496503496503496 0.026137049171466833
0.03496503496503496 0.024556843815430624
0.03496503496503496 0.024265319901765555
0.03496503496503496 0.025044702129271373
0.03496503496503496 0.02078587473524549
0.03496503496503496 0.02167630258820438
0.03496503496503496 0.022864878999924898
0.03496503496503496 0.022394207648297894
0.03496503496503496 0.024796811000877696
0.03496503496503496 0.028887629312563192
0.03496503496503496 0.026004985647751548
0.03496503496503496 0.025141420939112234
0.03496503496503496 0.025173013218576984
0.03496503496503496 0.02555008104679816
0.03496503496503496 0.02552994102138669
0.03496503496503496 0.025239990729376553
0.03496503496503496 0.021877430727368103
0.03496503496503496 0.02066105444636453
0.03496503496503496 0.022072437792204674
0.03496503496503496 0.024668881249649128
0.03496503496503496 0.02745081487603755
0.03496503496503496 0.025759882570998555
0.03496503496503496 0.024047831583836596
0.03496503496503496 0.026541407158489204
0.03496503496503496 0.024347109028559685
0.03496503496503496 0.023315503942752346
0.03496503496503496 0.025283758326168453
0.03496503496503496 0.027532093480615076
0.03496503496503496 0.027835878543000462
0.03496503496503496 0.02394168585391806
0.03496503496503496 0.027981103262148484
0.03496503496503496 0.022328033099734128
0.03496503496503496 0.024824652516038676
0.03496503496503496 0.023914765534948545
0.03496503496503496 0.02479602241042826
0.03496503496503496 0.02494318137157557
0.03496503496503496 0.02764576617420776
0.03496503496503496 0.028279693189816272
0.03496503496503496 0.02670314249318775
0.03496503496503496 0.027063168753440073
0.03496503496503496 0.02593655795203974
0.03496503496503496 0.02636052723304944
0.03496503496503496 0.026584733479945267
0.03496503496503496 0.026028902393839332
0.03496503496503496 0.02746828069605525
0.03496503496503496 0.026644305803361443
0.03496503496503496 0.021898013252577665
0.03496503496503496 0.024851751196946995
0.03496503496503496 0.02333102142908655
0.03496503496503496 0.021056139855716482
0.03496503496503496 0.022607937754151944
0.03496503496503496 0.02375477300499051
0.03496503496503496 0.025018084428505873
0.03496503496503496 0.024879956479025425
0.03496503496503496 0.02685627919102655
0.03496503496503496 0.026199831952071564
0.03496503496503496 0.025948298557980264
0.03496503496503496 0.025619846445140728
0.03496503496503496 0.024161665458441516
0.03496503496503496 0.024151356814260158
0.03496503496503496 0.022561222426189485
0.03496503496503496 0.02075745912300825
0.03496503496503496 0.021459557396881917
0.03496503496503496 0.024174721248375705
0.03496503496503496 0.025743289376650113
0.03496503496503496 0.02553621965033604
0.03496503496503496 0.026687149439860575
0.03496503496503496 0.02793365210865131
0.03496503496503496 0.02432890986102612
0.03496503496503496 0.0227092829768664
0.03496503496503496 0.024178975483045595
0.03496503496503496 0.024799906069380057
0.03496503496503496 0.0265862106260826
0.03496503496503496 0.024036247262526223
0.03496503496503496 0.024141505537515363
0.03496503496503496 0.021953319737442113
0.03496503496503496 0.0221679437089953
0.03496503496503496 0.02668146414707885
0.03496503496503496 0.027006743591311628
0.03496503496503496 0.02846066508698624
0.03496503496503496 0.02522113783184251
0.03496503496503496 0.026678319001846546
0.03496503496503496 0.023462415067143028
0.03496503496503496 0.026696855639989688
0.03496503496503496 0.028863267843289034
0.03496503496503496 0.029518501161288218
0.03496503496503496 0.02678193042588
0.03496503496503496 0.027056179775270462
0.03496503496503496 0.02514743592201611
0.03496503496503496 0.024692275007667523
0.03496503496503496 0.025185117237928642
0.03496503496503496 0.026430973247804017
0.03496503496503496 0.025839762312742747
0.03496503496503496 0.026904508356634445
0.03496503496503496 0.023911036800014315
0.03496503496503496 0.021969196897420298
0.03496503496503496 0.022877583457298123
0.03496503496503496 0.02422466685330528
0.03496503496503496 0.02598107314289196
0.03496503496503496 0.02327106166615631
0.03496503496503496 0.02334773064228751
0.03496503496503496 0.025635294055664067
0.03496503496503496 0.02767046446921008
0.03496503496503496 0.02902508748057537
0.03496503496503496 0.02632376619214987
0.03496503496503496 0.024830308904286127
0.03496503496503496 0.02618631968610097
0.03496503496503496 0.026811038361906604
0.03496503496503496 0.02510574538744678
0.03496503496503496 0.022326667508301132
0.03496503496503496 0.020584740863483584
0.03496503496503496 0.02532100121230117
0.03496503496503496 0.024525742144979094
0.03496503496503496 0.025443292927533532
0.03496503496503496 0.025316300628231193
0.03496503496503496 0.023038173043982136
0.03496503496503496 0.02523259473147347
0.03496503496503496 0.02677624660925673
0.03496503496503496 0.028334342675632385
0.03546099290780142 0.026522449169117158
0.03546099290780142 0.02614953099090939
0.03546099290780142 0.027348177502568766
0.03546099290780142 0.025201964995546326
0.03546099290780142 0.022418912932939024
0.03546099290780142 0.022097135010470493
0.03546099290780142 0.02136546047708336
0.03546099290780142 0.019584481537956
0.03546099290780142 0.017734739737135047
0.03546099290780142 0.022523952869927196
0.03546099290780142 0.01977011034509396
0.03546099290780142 0.022451770465567893
0.03546099290780142 0.02264360698638976
0.03546099290780142 0.02517149195035982
0.03546099290780142 0.02969547674636517
0.03546099290780142 0.027099011829191957
0.03546099290780142 0.027494187240805247
0.03546099290780142 0.027193524817200533
0.03546099290780142 0.02634408533348259
0.03546099290780142 0.026676012187748142
0.03546099290780142 0.029279695969987057
0.03546099290780142 0.02488428266254127
0.03546099290780142 0.02731869021635838
0.03546099290780142 0.02932790746102532
0.03546099290780142 0.025784457566532356
0.03546099290780142 0.02524304839367642
0.03546099290780142 0.02309131122417967
0.03546099290780142 0.027204364084001002
0.03546099290780142 0.026777584685038398
0.03546099290780142 0.02629054747774623
0.03546099290780142 0.027218875820159905
0.03546099290780142 0.028503220719220883
0.03546099290780142 0.02797455140797108
0.03546099290780142 0.028263227622762364
0.03546099290780142 0.02687953214513686
0.03546099290780142 0.027163196983639858
0.03546099290780142 0.025575855990427974
0.03546099290780142 0.026600326681196107
0.03546099290780142 0.02662813232701216
0.03546099290780142 0.02383929558614119
0.03546099290780142 0.0245892845975376
0.03546099290780142 0.024845466789118135
0.03546099290780142 0.024947681571610078
0.03546099290780142 0.023250746056811183
0.03546099290780142 0.023647508350795418
0.03546099290780142 0.023680422898944894
0.03546099290780142 0.024550922215097592
0.03546099290780142 0.02656639831273344
0.03546099290780142 0.026245370048508687
0.03597122302158273 0.02537872910733695
0.03597122302158273 0.026080475667374706
0.03597122302158273 0.026296758026714422
0.03597122302158273 0.024143360345322874
0.03597122302158273 0.029682987375368248
0.03597122302158273 0.022357000117690987
0.03597122302158273 0.017073874559847154
0.03597122302158273 0.01927084184256332
0.03597122302158273 0.021083065783166002
0.03597122302158273 0.02010474578437779
0.03597122302158273 0.024428384241504682
0.03597122302158273 0.02277516732103979
0.03597122302158273 0.024785116138104163
0.03597122302158273 0.02205485736039898
0.03597122302158273 0.02366519636007146
0.03597122302158273 0.02102782899846168
0.03597122302158273 0.025003152135722757
0.03597122302158273 0.02389745276195187
0.03597122302158273 0.02340860657702638
0.03597122302158273 0.027488675321508105
0.03597122302158273 0.02837491685101899
0.03597122302158273 0.026964449575146224
0.03597122302158273 0.02719984368892209
0.03597122302158273 0.024898765664248163
0.03597122302158273 0.024015895337980396
0.03597122302158273 0.02650054961509489
0.03597122302158273 0.02269910089746897
0.03597122302158273 0.024324335251033957
0.03597122302158273 0.02419896067743557
0.03597122302158273 0.02746943100755181
0.03597122302158273 0.02522650652874498
0.03597122302158273 0.025454125901063274
0.03597122302158273 0.022938079591016555
0.03597122302158273 0.025568736559578836
0.03597122302158273 0.027466187459134556
0.03597122302158273 0.028245153746917794
0.03597122302158273 0.028719284042491616
0.03597122302158273 0.02953337200498233
0.03597122302158273 0.025525088254246975
0.03597122302158273 0.025640770269352593
0.03597122302158273 0.029672067834168817
0.03597122302158273 0.027837643530063433
0.03597122302158273 0.03009219573905413
0.03597122302158273 0.029352275110552974
0.03597122302158273 0.02906466462032456
0.03597122302158273 0.02757456638526636
0.03597122302158273 0.02614930656061482
0.03597122302158273 0.02492233185523429
0.03597122302158273 0.025720573331782
0.03597122302158273 0.024670612157940155
0.03597122302158273 0.026696630987722084
0.03597122302158273 0.02133327994485294
0.03597122302158273 0.02550173732257388
0.03597122302158273 0.02443354474493384
0.03597122302158273 0.02271264483838724
0.03597122302158273 0.028881097484365563
0.03597122302158273 0.027013121213173875
0.03597122302158273 0.023848865036550804
0.03597122302158273 0.02593909793549103
0.03597122302158273 0.02795474043669302
0.03597122302158273 0.02590786343356301
0.03597122302158273 0.023926910864104336
0.03597122302158273 0.025756472410993
0.03597122302158273 0.02657009935946961
0.03597122302158273 0.025851363057852086
0.03597122302158273 0.027109754601776576
0.03597122302158273 0.025624214353762793
0.03597122302158273 0.028352624541925307
0.03597122302158273 0.026693881430996342
0.03597122302158273 0.02341729919753557
0.03597122302158273 0.024596187980251736
0.03597122302158273 0.020948296676562242
0.03597122302158273 0.02275963446544392
0.03597122302158273 0.026504971518787692
0.03597122302158273 0.02787908458971931
0.03597122302158273 0.02334705861095513
0.03597122302158273 0.02759012183375039
0.03597122302158273 0.027904239669125572
0.03597122302158273 0.027200986150006268
0.03597122302158273 0.028016645509205212
0.03597122302158273 0.023469121382882697
0.03597122302158273 0.02620974743075531
0.03597122302158273 0.025304541904553154
0.03597122302158273 0.022844172699791207
0.03597122302158273 0.021266525058088993
0.03597122302158273 0.02472310577969617
0.03597122302158273 0.02446566510091702
0.03597122302158273 0.02946055391713562
0.03597122302158273 0.02590954148287456
0.03597122302158273 0.026289844627667234
0.03597122302158273 0.02497942824165253
0.03597122302158273 0.024802980708062698
0.03597122302158273 0.025197568854219067
0.03597122302158273 0.026179386677371092
0.03597122302158273 0.029442165957736445
0.03597122302158273 0.027993971315028388
0.03597122302158273 0.02517620031468414
0.03597122302158273 0.024750415421317413
0.03597122302158273 0.02557982973301561
0.03597122302158273 0.028696131778520775
0.03597122302158273 0.028910905708448374
0.03597122302158273 0.02710701111930555
0.03597122302158273 0.02685000107650779
0.03597122302158273 0.026559287503426607
0.03597122302158273 0.02755463489955221
0.03597122302158273 0.025372545073354028
0.03597122302158273 0.02505014738818708
0.03597122302158273 0.027323378201396784
0.03597122302158273 0.02575155240252333
0.03597122302158273 0.02590966729013963
0.03597122302158273 0.026032336511881457
0.03597122302158273 0.025382527940916277
0.03597122302158273 0.024146798977640428
0.03597122302158273 0.026235401700079493
0.03597122302158273 0.02698810889881595
0.03597122302158273 0.024886096528189575
0.03597122302158273 0.021807557424788574
0.03597122302158273 0.024220844130373235
0.03597122302158273 0.029923236990155744
0.03597122302158273 0.029920524693319232
0.03597122302158273 0.0296701624790093
0.03597122302158273 0.027963025908982666
0.03597122302158273 0.028162743101930895
0.03597122302158273 0.02900328824633947
0.03597122302158273 0.02623339496262078
0.03597122302158273 0.028872885571421515
0.03597122302158273 0.029623524444659165
0.03597122302158273 0.02924366466352784
0.03597122302158273 0.030612879929487257
0.03597122302158273 0.02858902956735729
0.03597122302158273 0.02607107942233516
0.03597122302158273 0.026927181945116136
0.03597122302158273 0.023167706443247227
0.03597122302158273 0.02643104539421
0.03597122302158273 0.024159467659246363
0.03597122302158273 0.024156215820948092
0.03597122302158273 0.023680304765494826
0.03597122302158273 0.02797060394183897
0.03597122302158273 0.026564541181553655
0.03597122302158273 0.02755284243237871
0.03597122302158273 0.02570244101637329
0.03597122302158273 0.027739826680928822
0.03597122302158273 0.022033855706029747
0.03597122302158273 0.025023273850419605
0.03597122302158273 0.025982702089881727
0.03597122302158273 0.028602337400224012
0.03597122302158273 0.025104699016821896
0.03597122302158273 0.02436230004523805
0.03597122302158273 0.027044237764751785
0.03597122302158273 0.027972637127318335
0.03597122302158273 0.024360830641747072
0.03597122302158273 0.024579603786299035
0.03597122302158273 0.025992486921804288
0.03597122302158273 0.02849013421345218
0.03597122302158273 0.027387988382358792
0.03597122302158273 0.026252816210241555
0.03597122302158273 0.024895602465781142
0.03597122302158273 0.026488359817249542
0.03597122302158273 0.024960329481397266
0.03597122302158273 0.02513360742276353
0.03597122302158273 0.025181839252014122
0.03597122302158273 0.023559580168074138
0.03597122302158273 0.022530413154963708
0.03597122302158273 0.021714328784810506
0.03597122302158273 0.023414902705568542
0.03597122302158273 0.02792434770318839
0.03597122302158273 0.028716865279929085
0.03597122302158273 0.028282382152786556
0.03597122302158273 0.025724188341106735
0.03597122302158273 0.027138667040596278
0.03597122302158273 0.025792242321521386
0.03597122302158273 0.026323960462189763
0.03597122302158273 0.024813242371640308
0.03597122302158273 0.02625494652165234
0.03597122302158273 0.025942359278622918
0.03597122302158273 0.02807395984343318
0.03597122302158273 0.02686457984065171
0.03597122302158273 0.027059548920869064
0.03597122302158273 0.023491333375376
0.03597122302158273 0.023475888890016075
0.03597122302158273 0.025025640949297413
0.03597122302158273 0.023030551133941913
0.03597122302158273 0.026611827920273223
0.03597122302158273 0.028686234967386124
0.03597122302158273 0.026019885300582912
0.03597122302158273 0.028271581347891882
0.03597122302158273 0.028840655184296765
0.03597122302158273 0.026953452026006887
0.036231884057971016 0.0237054740066952
0.036231884057971016 0.024900972803681094
0.036231884057971016 0.02573673947029355
0.036231884057971016 0.023944045963022714
0.036231884057971016 0.02415410296424426
0.036231884057971016 0.022832641022134652
0.036231884057971016 0.024613225017169584
0.036231884057971016 0.023258693156158017
0.036231884057971016 0.02399764817241649
0.036231884057971016 0.024613439562242864
0.036231884057971016 0.02515003592494546
0.036231884057971016 0.024841372041952907
0.036231884057971016 0.025587548013847196
0.036231884057971016 0.021150341490024305
0.036231884057971016 0.02679387121486116
0.036231884057971016 0.02834052392008327
0.036231884057971016 0.025676548099489705
0.036231884057971016 0.025746984395213907
0.036231884057971016 0.02436286471802431
0.036231884057971016 0.024565584234613046
0.036231884057971016 0.024999404614882856
0.036231884057971016 0.025420748759455963
0.036231884057971016 0.02448575589775829
0.036231884057971016 0.026669570848805304
0.036231884057971016 0.02741153093195422
0.036231884057971016 0.02477359526361395
0.036231884057971016 0.023700986022754722
