7062.0 11004.87323943662
6436.0 9792.178217821782
6436.0 8809.168316831683
6436.0 8144.138613861386
6436.0 8293.485148514852
4068.0 8232.277227722772
4068.0 7387.475247524752
4068.0 7588.019801980198
4068.0 7314.475247524752
4068.0 6420.80198019802
4068.0 5542.287128712871
2584.0 5055.970297029703
2584.0 4713.366336633663
3637.0 4470.247524752475
3637.0 4293.811881188119
1824.0 3811.0495049504952
1824.0 3760.80198019802
1605.0 3447.930693069307
1605.0 3417.09900990099
1620.0 3091.19801980198
1620.0 3104.227722772277
1620.0 2854.960396039604
1383.0 2929.5643564356437
1383.0 2556.009900990099
1605.0 2466.792079207921
1605.0 2142.3168316831684
1210.0 1963.3564356435643
1210.0 2047.4950495049504
1129.0 2123.633663366337
1340.0 2073.3069306930693
963.0 2006.1881188118812
963.0 2084.6039603960394
963.0 2042.5247524752476
975.0 2067.19801980198
975.0 1789.6237623762377
975.0 1959.148514851485
865.0 1979.970297029703
865.0 1852.4950495049504
737.0 1923.8217821782177
736.0 1947.6336633663366
736.0 1961.6039603960396
736.0 1966.0
736.0 2111.6435643564355
736.0 1889.7029702970297
764.0 1905.920792079208
764.0 1718.4653465346535
544.0 1751.6336633663366
544.0 1822.90099009901
544.0 1614.5346534653465
544.0 1552.930693069307
544.0 1661.4059405940593
539.0 1704.5841584158416
539.0 1695.09900990099
539.0 1399.3960396039604
539.0 1196.4851485148515
539.0 1294.3366336633662
539.0 1387.8613861386139
539.0 1046.6831683168316
539.0 1031.6930693069307
452.0 1222.4455445544554
452.0 1233.930693069307
187.0 922.6435643564356
187.0 1358.7920792079208
187.0 1282.2178217821781
187.0 1428.4950495049504
187.0 1226.4158415841584
187.0 1183.8316831683169
187.0 1132.881188118812
187.0 1155.1881188118812
187.0 1217.5445544554455
187.0 1005.2475247524752
187.0 1336.5148514851485
187.0 1694.881188118812
187.0 1319.6534653465346
187.0 1290.7128712871288
187.0 1105.7128712871288
187.0 1135.118811881188
187.0 1111.039603960396
187.0 834.0990099009902
187.0 859.5544554455446
187.0 539.3960396039604
187.0 658.7128712871287
187.0 791.9108910891089
187.0 1025.990099009901
187.0 907.5346534653465
187.0 799.1881188118812
187.0 601.990099009901
187.0 608.980198019802
187.0 885.8415841584158
187.0 1013.3069306930693
187.0 891.5742574257425
187.0 978.1386138613861
187.0 1105.7029702970297
187.0 1486.3564356435643
187.0 1059.920792079208
187.0 1114.8910891089108
187.0 1296.2673267326732
187.0 999.2574257425742
187.0 859.6831683168317
187.0 1054.079207920792
187.0 1090.6138613861385
187.0 827.6336633663366
187.0 1100.09900990099
187.0 1010.8514851485148
187.0 773.4356435643564
187.0 863.3762376237623
187.0 994.2376237623762
187.0 888.7821782178218
187.0 817.7623762376238
187.0 1000.4257425742575
187.0 788.009900990099
187.0 944.5148514851485
187.0 991.4950495049505
187.0 959.6534653465346
187.0 1066.8019801980197
187.0 1326.5247524752476
187.0 1224.09900990099
187.0 1360.7920792079208
187.0 933.6138613861386
187.0 914.3168316831683
187.0 975.5742574257425
187.0 970.9108910891089
187.0 1059.851485148515
181.0 982.6732673267327
181.0 1054.6138613861385
181.0 1117.7524752475247
181.0 879.4356435643564
181.0 946.6732673267327
181.0 784.5049504950495
181.0 616.6831683168317
181.0 966.1188118811881
181.0 815.6039603960396
181.0 1012.5445544554456
181.0 1208.5247524752476
181.0 952.7920792079208
181.0 791.7524752475248
181.0 910.059405940594
181.0 1111.118811881188
181.0 1043.3069306930693
181.0 889.4455445544554
181.0 751.8217821782179
181.0 670.6039603960396
181.0 723.4059405940594
181.0 654.8910891089109
181.0 793.7524752475248
181.0 693.8811881188119
181.0 709.7722772277227
181.0 1055.7821782178219
181.0 1019.5346534653465
181.0 1156.6534653465346
181.0 1065.029702970297
181.0 934.5742574257425
181.0 1242.7029702970297
181.0 800.4059405940594
181.0 873.7227722772277
181.0 705.6831683168317
181.0 683.9009900990098
181.0 973.950495049505
181.0 1122.079207920792
181.0 1063.920792079208
181.0 1140.4950495049504
181.0 1153.7029702970297
181.0 1018.2673267326733
181.0 1268.5049504950496
181.0 1108.8118811881188
181.0 1176.3267326732673
181.0 846.3861386138614
181.0 908.019801980198
181.0 1094.3960396039604
181.0 1184.09900990099
181.0 946.5445544554456
181.0 870.2772277227723
181.0 966.7227722772277
181.0 1220.851485148515
181.0 1022.8316831683169
181.0 1026.9405940594058
181.0 873.9009900990098
181.0 759.2178217821782
181.0 596.1881188118812
181.0 849.8316831683169
181.0 862.8811881188119
181.0 853.5544554455446
181.0 1002.8514851485148
181.0 1077.4257425742574
181.0 1170.3663366336634
181.0 1098.049504950495
181.0 1082.7623762376238
181.0 927.8712871287129
181.0 1095.7920792079208
181.0 770.7524752475248
181.0 1003.5742574257425
181.0 903.2871287128713
181.0 713.6138613861386
181.0 799.9207920792079
181.0 659.4257425742575
181.0 1050.1782178217823
181.0 897.3861386138614
181.0 741.9306930693069
181.0 686.8019801980198
181.0 846.2574257425742
181.0 707.6831683168317
181.0 977.6138613861386
181.0 964.2079207920792
181.0 1001.6435643564356
181.0 878.8712871287129
181.0 1058.7227722772277
181.0 1052.1683168316831
181.0 871.3663366336634
181.0 1259.1683168316831
181.0 1062.6534653465346
181.0 964.7128712871287
181.0 1172.4455445544554
181.0 1245.5445544554455
181.0 1231.4653465346535
181.0 899.4752475247525
181.0 890.6435643564356
181.0 651.4257425742575
181.0 1123.90099009901
181.0 1082.3366336633662
181.0 1228.1980198019803
181.0 1024.960396039604
181.0 999.8415841584158
181.0 1016.9009900990098
181.0 820.9702970297029
181.0 661.4752475247525
181.0 737.6633663366337
181.0 817.5148514851485
181.0 864.8217821782179
181.0 1111.2277227722773
181.0 817.7425742574258
181.0 931.3465346534654
181.0 1053.6039603960396
181.0 671.8118811881188
181.0 720.8910891089109
181.0 1058.3762376237623
181.0 1289.0
181.0 924.3564356435644
181.0 1013.9702970297029
181.0 937.9207920792079
181.0 954.049504950495
181.0 938.3663366336634
181.0 877.7326732673267
181.0 1033.3069306930693
181.0 1404.4257425742574
181.0 1135.2772277227723
181.0 1129.1782178217823
181.0 975.8712871287129
181.0 922.5841584158416
181.0 832.7128712871287
181.0 930.5247524752475
181.0 726.2178217821782
181.0 1194.3663366336634
181.0 1084.8910891089108
181.0 838.6138613861386
181.0 822.6336633663366
181.0 956.7821782178218
181.0 1270.3465346534654
181.0 881.7326732673267
175.0 1006.7227722772277
175.0 1103.6138613861385
175.0 1073.6633663366338
175.0 974.7920792079208
175.0 930.7029702970297
175.0 949.3267326732673
175.0 818.9108910891089
175.0 1113.950495049505
175.0 1006.5841584158416
175.0 1237.5841584158416
175.0 1376.8613861386139
175.0 1239.8217821782177
175.0 1260.7821782178219
175.0 1035.8118811881188
175.0 743.4851485148515
175.0 933.4653465346535
175.0 1100.7227722772277
175.0 992.3267326732673
175.0 909.5049504950495
154.0 824.4356435643564
154.0 766.9009900990098
154.0 919.0891089108911
154.0 774.7029702970297
154.0 847.7623762376238
154.0 937.8613861386139
154.0 934.1980198019802
154.0 710.4851485148515
154.0 953.2475247524752
154.0 712.2475247524752
154.0 720.5049504950495
154.0 742.5544554455446
154.0 595.1683168316831
154.0 781.8910891089109
154.0 930.7326732673267
154.0 933.3960396039604
154.0 998.0297029702971
154.0 970.2277227722773
154.0 718.2673267326733
154.0 1065.2574257425742
154.0 709.1782178217821
154.0 742.3663366336634
154.0 896.1485148514852
154.0 1095.4356435643565
154.0 574.0693069306931
154.0 949.8118811881188
154.0 989.059405940594
154.0 1046.4554455445545
154.0 1035.1782178217823
154.0 1045.2970297029703
154.0 900.6732673267327
154.0 864.4455445544554
154.0 678.5841584158416
154.0 545.039603960396
154.0 726.8910891089109
154.0 809.6039603960396
154.0 863.9009900990098
154.0 845.019801980198
154.0 692.5544554455446
154.0 793.4356435643564
154.0 683.4257425742575
154.0 854.5148514851485
154.0 851.6732673267327
154.0 1195.1089108910892
154.0 1115.6633663366338
154.0 1113.049504950495
154.0 824.0792079207921
154.0 629.5148514851485
154.0 734.8316831683169
154.0 666.8019801980198
154.0 968.7623762376238
154.0 1080.8217821782177
154.0 1251.029702970297
154.0 1004.4554455445544
154.0 782.2277227722773
154.0 845.1089108910891
154.0 811.8613861386139
154.0 475.3960396039604
154.0 712.0891089108911
154.0 776.3366336633663
154.0 887.6633663366337
154.0 882.0
154.0 1063.5346534653465
154.0 778.6534653465346
154.0 609.5643564356436
154.0 634.8910891089109
154.0 792.7722772277227
154.0 813.5346534653465
154.0 941.8316831683169
154.0 797.4653465346535
154.0 644.2178217821782
154.0 1039.7821782178219
154.0 887.8316831683169
154.0 917.4752475247525
154.0 843.019801980198
154.0 965.039603960396
154.0 1213.950495049505
154.0 999.6435643564356
154.0 1037.6138613861385
154.0 822.3267326732673
154.0 737.6138613861386
154.0 883.9108910891089
154.0 983.6534653465346
154.0 946.5544554455446
154.0 965.980198019802
154.0 940.990099009901
154.0 977.2376237623762
154.0 1178.8217821782177
154.0 1130.8316831683169
154.0 1041.3465346534654
154.0 1173.4752475247524
154.0 772.1683168316831
154.0 775.6930693069307
154.0 890.009900990099
154.0 1128.2178217821781
154.0 972.2970297029703
154.0 759.2178217821782
154.0 609.1782178217821
154.0 794.3465346534654
154.0 810.4257425742575
154.0 786.059405940594
154.0 1114.4851485148515
154.0 949.8019801980198
154.0 672.8910891089109
154.0 804.019801980198
154.0 761.0693069306931
154.0 931.2673267326733
154.0 1061.049504950495
154.0 791.4356435643564
154.0 993.980198019802
154.0 903.7425742574258
154.0 685.7920792079208
154.0 947.0792079207921
154.0 849.4851485148515
154.0 1132.118811881188
154.0 874.4752475247525
154.0 744.1782178217821
154.0 953.1188118811881
154.0 1162.5742574257426
154.0 839.049504950495
154.0 761.039603960396
154.0 921.6633663366337
154.0 858.7524752475248
154.0 723.6633663366337
154.0 763.4158415841584
154.0 649.7128712871287
154.0 749.3069306930693
154.0 673.8613861386139
154.0 697.5445544554456
154.0 700.960396039604
154.0 747.0792079207921
154.0 836.8811881188119
154.0 749.2475247524752
154.0 1237.3960396039604
154.0 1234.009900990099
154.0 1110.4653465346535
154.0 812.5148514851485
154.0 921.2475247524752
154.0 959.5940594059406
154.0 1080.5148514851485
154.0 793.2673267326733
154.0 557.7425742574258
154.0 908.2079207920792
154.0 776.5445544554456
154.0 749.8217821782179
154.0 859.7722772277227
154.0 908.5346534653465
154.0 1025.7722772277227
154.0 1122.6336633663366
154.0 1177.079207920792
154.0 955.1089108910891
154.0 767.5148514851485
154.0 686.8613861386139
154.0 702.7128712871287
154.0 968.0990099009902
154.0 1254.8316831683169
154.0 821.6336633663366
154.0 867.2772277227723
154.0 687.0891089108911
154.0 870.7029702970297
154.0 847.2970297029703
154.0 739.6732673267327
154.0 797.4851485148515
154.0 682.5643564356436
154.0 761.8910891089109
154.0 1103.09900990099
154.0 1049.5346534653465
154.0 587.4554455445544
154.0 681.3069306930693
154.0 982.1287128712871
154.0 772.3960396039604
154.0 647.2871287128713
154.0 687.7326732673267
154.0 983.6336633663366
154.0 1253.7326732673268
154.0 1079.6237623762377
154.0 1001.6435643564356
154.0 1013.5742574257425
154.0 1313.019801980198
154.0 1164.4752475247524
154.0 912.8415841584158
154.0 1057.6732673267327
154.0 772.8019801980198
154.0 947.009900990099
155.0 842.2376237623762
155.0 786.6336633663366
155.0 1051.5841584158416
155.0 961.950495049505
155.0 1078.5247524752476
155.0 1580.7326732673268
154.0 909.3861386138614
154.0 1113.0594059405942
154.0 902.2178217821782
154.0 828.2673267326733
154.0 1043.3069306930693
154.0 1019.1188118811881
154.0 1018.039603960396
154.0 1001.4257425742575
154.0 676.7029702970297
154.0 887.4851485148515
154.0 1140.7821782178219
154.0 1151.2178217821781
154.0 1119.980198019802
154.0 1106.6831683168316
154.0 1175.9405940594058
154.0 1084.7128712871288
154.0 711.7623762376238
154.0 789.6138613861386
154.0 835.0990099009902
154.0 1117.5346534653465
154.0 1076.930693069307
154.0 1172.079207920792
154.0 941.3465346534654
154.0 923.2376237623762
154.0 877.1881188118812
154.0 762.9702970297029
154.0 812.5742574257425
154.0 975.7623762376238
154.0 1326.4653465346535
154.0 812.0792079207921
154.0 801.6039603960396
154.0 878.5346534653465
154.0 781.7920792079208
154.0 922.3465346534654
154.0 900.4653465346535
154.0 1051.3267326732673
154.0 1002.3069306930693
154.0 848.8514851485148
154.0 722.5544554455446
154.0 848.3663366336634
154.0 1241.930693069307
154.0 693.7227722772277
154.0 1028.8613861386139
154.0 601.0990099009902
154.0 698.5544554455446
154.0 1011.8910891089109
154.0 1026.6633663366338
154.0 1204.2475247524753
154.0 684.4059405940594
154.0 807.6633663366337
154.0 826.4059405940594
145.0 839.8811881188119
145.0 1033.019801980198
145.0 1013.0891089108911
145.0 727.2376237623762
145.0 844.7227722772277
145.0 669.0891089108911
145.0 1080.009900990099
145.0 1150.118811881188
145.0 1075.1980198019803
145.0 906.3960396039604
145.0 931.9702970297029
145.0 1152.1980198019803
145.0 1378.6930693069307
145.0 928.4851485148515
145.0 1003.1881188118812
145.0 950.4851485148515
145.0 1098.3762376237623
145.0 1350.970297029703
145.0 1232.148514851485
145.0 771.2970297029703
145.0 841.8415841584158
145.0 821.1089108910891
145.0 1036.2970297029703
145.0 645.2178217821782
145.0 945.5247524752475
145.0 1221.8712871287128
145.0 1179.0594059405942
145.0 1086.2673267326732
145.0 906.940594059406
145.0 1286.049504950495
145.0 788.4851485148515
145.0 1303.1584158415842
145.0 940.1485148514852
145.0 1054.1683168316831
145.0 721.8712871287129
145.0 935.4455445544554
145.0 1057.6435643564357
145.0 1286.2673267326732
145.0 972.4653465346535
145.0 889.4356435643564
145.0 652.3960396039604
145.0 692.7722772277227
145.0 753.7425742574258
145.0 615.5247524752475
145.0 1060.930693069307
145.0 853.6039603960396
145.0 1030.4158415841584
145.0 810.7623762376238
145.0 844.5544554455446
145.0 648.7623762376238
145.0 409.58415841584156
145.0 663.3366336633663
145.0 992.960396039604
145.0 829.8811881188119
145.0 1084.3465346534654
145.0 726.3861386138614
145.0 1059.3861386138615
145.0 614.7425742574258
145.0 740.4356435643564
145.0 835.8514851485148
145.0 1252.4950495049504
145.0 1103.5247524752476
145.0 1092.3366336633662
145.0 911.5049504950495
145.0 809.0693069306931
145.0 1153.3366336633662
145.0 991.3465346534654
145.0 936.3366336633663
145.0 995.7425742574258
145.0 1194.2772277227723
145.0 1007.8118811881188
145.0 822.019801980198
145.0 673.1188118811881
145.0 778.7425742574258
145.0 964.3267326732673
145.0 785.3366336633663
145.0 629.6930693069307
145.0 955.2772277227723
145.0 1005.7623762376238
145.0 941.4059405940594
145.0 1183.118811881188
145.0 838.8910891089109
145.0 979.8514851485148
145.0 927.990099009901
145.0 1118.069306930693
145.0 1101.3663366336634
145.0 956.4851485148515
145.0 728.0891089108911
145.0 766.8118811881188
145.0 880.6732673267327
145.0 883.990099009901
145.0 750.9108910891089
145.0 1005.6435643564356
145.0 1001.4059405940594
145.0 1372.9108910891089
145.0 1194.8316831683169
145.0 1074.8217821782177
145.0 917.980198019802
145.0 939.2376237623762
145.0 928.6732673267327
145.0 1126.4752475247524
145.0 788.9108910891089
145.0 877.8019801980198
145.0 852.2376237623762
145.0 812.5148514851485
145.0 1024.5049504950496
145.0 1048.1881188118812
145.0 728.0990099009902
145.0 984.4356435643564
145.0 1286.6435643564357
145.0 1328.1287128712872
145.0 1251.5148514851485
145.0 916.1584158415842
145.0 1040.7029702970297
145.0 666.3663366336634
145.0 1154.6534653465346
145.0 1237.6435643564357
145.0 621.8316831683169
145.0 986.2178217821782
145.0 652.2178217821782
145.0 1105.3267326732673
145.0 1119.4554455445545
145.0 994.4059405940594
145.0 886.5940594059406
145.0 552.2772277227723
145.0 808.9108910891089
145.0 534.9306930693069
145.0 632.1386138613861
145.0 552.1089108910891
145.0 875.4752475247525
145.0 982.019801980198
145.0 872.990099009901
145.0 1003.3663366336634
145.0 891.1485148514852
145.0 1446.09900990099
145.0 888.5643564356436
145.0 959.1584158415842
145.0 822.2277227722773
145.0 1208.851485148515
145.0 1036.7524752475247
145.0 945.8415841584158
145.0 985.2871287128713
145.0 1222.7821782178219
145.0 1374.2871287128712
145.0 1037.3267326732673
145.0 929.8514851485148
145.0 985.3465346534654
145.0 634.7326732673267
145.0 874.7227722772277
145.0 918.4554455445544
145.0 966.4356435643564
145.0 925.1881188118812
145.0 998.4851485148515
145.0 934.7227722772277
145.0 892.059405940594
145.0 838.960396039604
145.0 831.6534653465346
145.0 1097.4752475247524
145.0 1021.3564356435644
145.0 1055.7920792079208
145.0 604.3168316831683
145.0 837.1188118811881
145.0 784.0
145.0 753.0693069306931
145.0 513.2079207920792
145.0 690.4356435643564
146.0 661.9009900990098
146.0 1018.4257425742575
146.0 843.6336633663366
146.0 767.980198019802
146.0 1030.1287128712872
146.0 966.3663366336634
146.0 1024.8415841584158
146.0 834.940594059406
146.0 998.2079207920792
146.0 1112.039603960396
146.0 1228.3762376237623
146.0 1108.2178217821781
146.0 978.6039603960396
146.0 1003.3564356435644
146.0 1078.990099009901
146.0 1493.5742574257426
146.0 1370.4950495049504
146.0 1375.2079207920792
146.0 1361.8019801980197
146.0 1100.6534653465346
146.0 974.1485148514852
146.0 550.1584158415842
146.0 641.2871287128713
146.0 717.3564356435644
146.0 730.6237623762377
146.0 1019.1980198019802
146.0 1039.8217821782177
146.0 727.7524752475248
146.0 968.2772277227723
144.0 997.6732673267327
144.0 725.009900990099
144.0 836.8613861386139
144.0 1065.0
144.0 876.1485148514852
144.0 816.7326732673267
144.0 881.950495049505
144.0 707.3663366336634
144.0 828.2475247524752
144.0 880.4356435643564
144.0 920.2475247524752
144.0 997.8613861386139
144.0 752.9108910891089
144.0 913.3069306930693
144.0 883.5940594059406
144.0 936.980198019802
144.0 1048.049504950495
144.0 1357.8712871287128
144.0 1166.7029702970297
144.0 1161.970297029703
144.0 945.8118811881188
144.0 1162.2475247524753
144.0 1084.0594059405942
144.0 1022.9702970297029
144.0 902.8019801980198
144.0 1200.2475247524753
144.0 940.1683168316831
144.0 1046.8118811881188
144.0 1170.2574257425742
144.0 832.0990099009902
144.0 806.0
144.0 841.0297029702971
144.0 1048.8712871287128
144.0 909.6831683168317
144.0 928.1980198019802
144.0 891.1683168316831
144.0 687.2178217821782
144.0 639.5148514851485
144.0 844.5346534653465
144.0 720.7920792079208
144.0 713.8118811881188
144.0 817.5148514851485
144.0 662.9702970297029
144.0 803.5544554455446
144.0 989.6138613861386
144.0 1058.3564356435643
144.0 802.2970297029703
144.0 1226.3267326732673
144.0 759.9702970297029
144.0 662.2475247524752
144.0 911.6534653465346
144.0 574.7425742574258
144.0 724.2079207920792
144.0 805.4356435643564
144.0 762.6336633663366
144.0 748.1485148514852
144.0 1145.3366336633662
144.0 938.049504950495
144.0 1038.4851485148515
144.0 946.1782178217821
144.0 688.7821782178218
144.0 722.6633663366337
144.0 669.4752475247525
144.0 775.8415841584158
144.0 641.2277227722773
144.0 739.5049504950495
144.0 1044.0891089108911
142.0 835.8118811881188
142.0 907.6732673267327
142.0 1055.881188118812
142.0 812.8514851485148
142.0 798.7524752475248
142.0 884.2871287128713
142.0 622.3762376237623
142.0 717.7722772277227
142.0 810.5643564356436
142.0 793.1287128712871
142.0 943.6237623762377
142.0 734.9009900990098
142.0 752.5841584158416
142.0 1284.0594059405942
142.0 1180.8910891089108
142.0 827.2475247524752
142.0 862.7524752475248
142.0 959.2475247524752
142.0 1152.118811881188
142.0 1130.6633663366338
142.0 1255.8316831683169
142.0 948.9702970297029
142.0 628.1584158415842
142.0 828.2277227722773
142.0 950.7821782178218
142.0 711.7722772277227
142.0 837.1386138613861
142.0 996.9009900990098
142.0 755.1881188118812
142.0 1041.069306930693
142.0 931.950495049505
142.0 837.5544554455446
142.0 752.019801980198
142.0 870.6237623762377
142.0 1117.8910891089108
142.0 633.4059405940594
142.0 667.940594059406
142.0 999.9702970297029
142.0 928.7425742574258
142.0 1156.5940594059407
142.0 961.8613861386139
142.0 1050.3168316831684
142.0 731.8712871287129
142.0 599.1386138613861
142.0 752.3861386138614
142.0 703.3465346534654
142.0 887.7821782178218
142.0 718.1584158415842
142.0 639.5544554455446
142.0 508.26732673267327
142.0 558.039603960396
142.0 935.8019801980198
142.0 737.9306930693069
142.0 783.5544554455446
142.0 922.5148514851485
142.0 815.4257425742575
142.0 668.980198019802
142.0 780.8415841584158
142.0 634.6336633663366
142.0 1053.2574257425742
142.0 616.2079207920792
142.0 653.4356435643564
142.0 815.3564356435644
142.0 914.7920792079208
142.0 920.5049504950495
142.0 946.6435643564356
142.0 713.8613861386139
142.0 782.8118811881188
142.0 1058.079207920792
142.0 1105.1386138613861
142.0 1073.4059405940593
142.0 1130.990099009901
142.0 1158.920792079208
142.0 900.7722772277227
142.0 873.5544554455446
142.0 940.6930693069307
142.0 844.0792079207921
142.0 739.5247524752475
142.0 1062.7128712871288
142.0 869.6336633663366
142.0 859.7623762376238
142.0 1019.8514851485148
142.0 834.3366336633663
142.0 811.3861386138614
142.0 785.019801980198
142.0 704.6138613861386
142.0 687.8514851485148
142.0 722.4752475247525
142.0 837.3663366336634
142.0 776.3564356435644
142.0 884.4257425742575
142.0 1058.6138613861385
142.0 1030.2178217821781
142.0 1040.4059405940593
142.0 775.2772277227723
142.0 877.4554455445544
142.0 872.4356435643564
142.0 908.2475247524752
142.0 849.2376237623762
142.0 1108.980198019802
142.0 678.3663366336634
142.0 718.1782178217821
142.0 1017.1188118811881
142.0 720.5148514851485
142.0 948.1782178217821
142.0 774.3663366336634
142.0 789.019801980198
142.0 1038.2673267326732
142.0 1221.8019801980197
142.0 896.6633663366337
142.0 915.049504950495
142.0 1036.3069306930693
142.0 822.7524752475248
142.0 1066.970297029703
142.0 1046.3168316831684
142.0 782.7326732673267
142.0 889.6930693069307
142.0 894.6534653465346
142.0 997.4455445544554
142.0 970.8118811881188
142.0 1020.6633663366337
142.0 1005.9207920792079
142.0 1000.6930693069307
142.0 893.5841584158416
142.0 921.2277227722773
142.0 1041.2970297029703
142.0 980.0792079207921
142.0 1038.8019801980197
142.0 998.8019801980198
150.0 933.5346534653465
150.0 859.7128712871287
150.0 992.2871287128713
150.0 901.990099009901
49.0 1009.2673267326733
49.0 881.0990099009902
49.0 871.039603960396
49.0 793.0693069306931
49.0 880.6534653465346
49.0 994.1188118811881
49.0 742.950495049505
49.0 950.6039603960396
49.0 941.7623762376238
49.0 605.2376237623762
49.0 1002.2475247524752
49.0 1116.8118811881188
49.0 789.9306930693069
49.0 868.8811881188119
49.0 905.1584158415842
49.0 1248.5445544554455
49.0 917.1584158415842
49.0 915.2079207920792
49.0 1221.3465346534654
49.0 1316.3267326732673
49.0 1229.881188118812
49.0 716.6633663366337
49.0 756.8811881188119
49.0 549.9702970297029
49.0 554.6336633663366
49.0 813.4752475247525
49.0 855.0990099009902
49.0 921.8514851485148
49.0 926.6930693069307
49.0 1143.8118811881188
49.0 1001.8316831683169
49.0 940.4653465346535
49.0 1051.7029702970297
49.0 916.2079207920792
49.0 949.9306930693069
49.0 951.3762376237623
49.0 994.9207920792079
49.0 862.5049504950495
49.0 961.2772277227723
49.0 940.3267326732673
49.0 1039.009900990099
49.0 1006.4455445544554
49.0 1219.3366336633662
49.0 819.0891089108911
49.0 844.0
49.0 737.6930693069307
49.0 1006.3762376237623
49.0 916.019801980198
49.0 785.9702970297029
49.0 585.2178217821782
49.0 663.0297029702971
49.0 872.4257425742575
49.0 857.059405940594
49.0 823.5940594059406
49.0 626.009900990099
49.0 756.9702970297029
49.0 807.9207920792079
49.0 457.45544554455444
49.0 733.5445544554456
49.0 636.9306930693069
49.0 1012.8712871287129
49.0 818.4950495049505
49.0 662.7722772277227
49.0 752.4554455445544
49.0 1103.5445544554455
49.0 842.2871287128713
49.0 536.2376237623762
49.0 789.6039603960396
49.0 720.6633663366337
49.0 535.8514851485148
49.0 844.5742574257425
49.0 862.8217821782179
49.0 682.8613861386139
49.0 528.3960396039604
49.0 809.6237623762377
49.0 501.74257425742576
49.0 956.990099009901
49.0 827.5445544554456
49.0 1027.2772277227723
49.0 532.5049504950495
49.0 1091.9108910891089
49.0 1081.3960396039604
49.0 710.4554455445544
49.0 1072.6039603960396
49.0 1336.6534653465346
49.0 709.5643564356436
49.0 1097.9405940594058
