6908.0 11861.81690140845
7105.0 10957.90099009901
7105.0 10982.722772277228
8067.0 9433.257425742575
4858.0 8866.940594059406
4901.0 8130.217821782178
4901.0 7212.069306930693
4901.0 6877.029702970297
4901.0 6358.118811881188
2729.0 6057.1287128712875
2729.0 5562.267326732674
2297.0 6403.742574257426
2304.0 6173.118811881188
2304.0 5444.6138613861385
2304.0 5341.950495049505
2439.0 5233.742574257426
1872.0 4509.821782178218
2170.0 3609.237623762376
1506.0 2913.237623762376
1506.0 2668.1188118811883
1294.0 2413.09900990099
1294.0 2526.1782178217823
1294.0 2466.1188118811883
1294.0 2536.80198019802
1074.0 2040.9405940594058
1074.0 1946.5445544554455
1074.0 1994.1782178217823
1066.0 1897.3861386138615
1066.0 2112.5841584158416
796.0 2206.2178217821784
1283.0 2327.920792079208
938.0 2013.1584158415842
938.0 2146.891089108911
938.0 2138.5841584158416
938.0 2095.6138613861385
938.0 1931.980198019802
938.0 1900.3069306930693
938.0 1652.8217821782177
757.0 1602.5742574257426
757.0 1848.6534653465346
757.0 1609.2079207920792
757.0 1439.3168316831684
757.0 1285.2277227722773
757.0 1782.7326732673268
560.0 1561.8118811881188
560.0 1684.8910891089108
560.0 1840.6039603960396
560.0 1838.5841584158416
560.0 1946.2574257425742
560.0 1952.3564356435643
560.0 1974.8019801980197
560.0 1993.1881188118812
560.0 1842.881188118812
560.0 1751.2772277227723
560.0 1616.5148514851485
560.0 1627.950495049505
560.0 1463.3663366336634
560.0 1310.5445544554455
560.0 1336.1782178217823
560.0 1372.0891089108911
560.0 1291.7920792079208
560.0 1294.2970297029703
560.0 1502.960396039604
560.0 1284.1881188118812
560.0 1230.7425742574258
560.0 1239.1584158415842
560.0 1138.3168316831684
560.0 1090.2277227722773
560.0 1354.1980198019803
560.0 1302.049504950495
560.0 1172.1980198019803
563.0 1196.4455445544554
563.0 1220.0594059405942
561.0 1318.7722772277227
500.0 1407.4554455445545
463.0 1418.5643564356435
463.0 1707.5643564356435
463.0 1757.851485148515
463.0 1512.4158415841584
463.0 1211.6732673267327
463.0 1252.9405940594058
463.0 1240.851485148515
463.0 1376.2178217821781
463.0 1315.970297029703
463.0 1340.7821782178219
463.0 1226.4653465346535
463.0 1156.049504950495
463.0 1064.8415841584158
371.0 1187.8118811881188
371.0 1379.970297029703
371.0 1501.069306930693
371.0 1404.4851485148515
371.0 1212.8316831683169
371.0 1074.9405940594058
371.0 1107.6237623762377
371.0 1206.5148514851485
371.0 1126.7524752475247
371.0 1399.0594059405942
371.0 1426.0
371.0 1251.970297029703
371.0 1135.7227722772277
371.0 1270.8613861386139
371.0 1230.9405940594058
371.0 1105.4257425742574
371.0 981.1881188118812
371.0 1212.9405940594058
371.0 1148.2475247524753
371.0 1226.0594059405942
371.0 1081.039603960396
371.0 1071.7029702970297
370.0 1239.4356435643565
370.0 959.2178217821782
368.0 1154.6138613861385
368.0 1079.7524752475247
368.0 1166.118811881188
368.0 1357.3663366336634
368.0 1518.6237623762377
368.0 1304.7623762376238
368.0 1156.7821782178219
289.0 960.8118811881188
289.0 1255.5742574257426
289.0 1340.9405940594058
289.0 1131.4257425742574
289.0 1188.7524752475247
289.0 1099.5247524752476
289.0 1176.881188118812
289.0 953.6633663366337
289.0 1063.4554455445545
289.0 1139.7425742574258
289.0 964.2871287128713
289.0 1121.5346534653465
289.0 1332.4455445544554
289.0 1239.2277227722773
289.0 1193.1980198019803
289.0 1171.7722772277227
289.0 1195.1980198019803
289.0 1109.1287128712872
289.0 1055.3564356435643
289.0 1063.5346534653465
289.0 1153.3267326732673
289.0 950.5049504950495
289.0 809.1287128712871
289.0 1208.118811881188
289.0 1117.930693069307
289.0 857.1782178217821
289.0 826.7920792079208
289.0 696.8910891089109
289.0 1027.970297029703
289.0 730.5742574257425
289.0 958.8217821782179
289.0 1124.6831683168316
289.0 949.4356435643564
289.0 953.7920792079208
289.0 855.1287128712871
289.0 944.049504950495
289.0 1123.1287128712872
289.0 791.009900990099
289.0 990.7623762376238
289.0 793.7524752475248
289.0 790.3762376237623
289.0 623.2772277227723
289.0 1068.930693069307
289.0 924.2871287128713
289.0 1231.950495049505
289.0 1155.5643564356435
289.0 962.1287128712871
289.0 866.5940594059406
289.0 627.8514851485148
289.0 781.5742574257425
289.0 872.1485148514852
289.0 1174.930693069307
289.0 1345.6732673267327
289.0 1124.069306930693
290.0 1012.2277227722773
290.0 970.3366336633663
290.0 628.7524752475248
290.0 834.4059405940594
290.0 923.9306930693069
290.0 1207.8712871287128
290.0 1394.5148514851485
290.0 1388.6534653465346
290.0 1443.049504950495
290.0 1688.7821782178219
290.0 1519.9108910891089
290.0 1702.09900990099
290.0 1597.1683168316831
290.0 1500.3267326732673
290.0 1350.990099009901
290.0 1174.029702970297
290.0 959.6039603960396
290.0 1312.7227722772277
290.0 1254.8316831683169
290.0 1005.8316831683169
290.0 1155.2871287128712
290.0 989.8910891089109
290.0 769.7821782178218
290.0 1467.1287128712872
290.0 1314.2574257425742
290.0 1415.1287128712872
290.0 1636.6633663366338
290.0 1214.7920792079208
290.0 950.7326732673267
290.0 1327.3366336633662
290.0 1198.7227722772277
290.0 894.8910891089109
290.0 834.6039603960396
290.0 1159.8613861386139
290.0 1181.1980198019803
290.0 892.5643564356436
290.0 863.9009900990098
290.0 1181.2277227722773
290.0 1059.3762376237623
290.0 1086.5049504950496
290.0 1302.6237623762377
290.0 1250.3069306930693
290.0 984.3960396039604
290.0 1176.6435643564357
290.0 1160.049504950495
282.0 1208.6138613861385
282.0 1171.5544554455446
282.0 922.5742574257425
282.0 1158.980198019802
282.0 1214.3465346534654
282.0 1096.2475247524753
282.0 1215.7722772277227
282.0 1334.2970297029703
282.0 1237.970297029703
282.0 987.0792079207921
282.0 723.1881188118812
282.0 911.6831683168317
282.0 914.4059405940594
282.0 1091.5940594059407
282.0 854.6633663366337
282.0 842.1287128712871
282.0 909.7524752475248
282.0 872.7821782178218
282.0 1392.1881188118812
282.0 1111.4752475247524
282.0 1038.5445544554455
282.0 1135.3267326732673
282.0 1128.5247524752476
282.0 1204.4257425742574
282.0 1207.8316831683169
282.0 953.2970297029703
282.0 1029.5643564356435
282.0 705.2475247524752
282.0 621.4950495049505
282.0 884.6237623762377
282.0 856.3267326732673
282.0 834.5841584158416
282.0 978.8712871287129
282.0 797.4356435643564
282.0 1013.6930693069307
282.0 1043.881188118812
282.0 1202.8217821782177
282.0 1155.7326732673268
282.0 1214.920792079208
282.0 940.3069306930693
282.0 706.2970297029703
282.0 702.8613861386139
282.0 866.9306930693069
282.0 927.2277227722773
282.0 803.3465346534654
282.0 791.5445544554456
282.0 876.7623762376238
282.0 1270.2871287128712
244.0 1140.8712871287128
244.0 1014.5643564356436
244.0 1150.9108910891089
244.0 1301.2673267326732
244.0 1198.851485148515
244.0 1072.4158415841584
244.0 1141.960396039604
244.0 957.2277227722773
244.0 976.8118811881188
244.0 814.0792079207921
244.0 714.9306930693069
244.0 1138.7623762376238
244.0 741.6039603960396
244.0 1039.5841584158416
244.0 1218.5544554455446
244.0 980.2871287128713
244.0 879.3168316831683
244.0 977.990099009901
244.0 835.2970297029703
244.0 720.960396039604
244.0 993.9009900990098
244.0 951.8415841584158
244.0 1138.3168316831684
244.0 1290.029702970297
244.0 938.019801980198
244.0 945.0
244.0 927.960396039604
244.0 952.7821782178218
244.0 856.3762376237623
244.0 1017.7326732673267
244.0 1050.5841584158416
244.0 1017.3564356435644
244.0 854.2277227722773
244.0 1054.7623762376238
244.0 1017.7920792079208
244.0 834.059405940594
244.0 971.3366336633663
244.0 863.960396039604
244.0 1098.1683168316831
244.0 1293.980198019802
244.0 1140.1683168316831
244.0 1242.5247524752476
244.0 843.7524752475248
244.0 862.3960396039604
244.0 963.2772277227723
244.0 961.4554455445544
244.0 1170.2277227722773
244.0 1287.2475247524753
244.0 1370.6435643564357
244.0 1502.6435643564357
244.0 1054.980198019802
244.0 1144.1287128712872
244.0 1224.2871287128712
244.0 1306.7722772277227
244.0 1228.5049504950496
244.0 1062.2574257425742
244.0 941.8910891089109
244.0 945.3366336633663
244.0 1054.4950495049504
244.0 887.6534653465346
244.0 1005.8811881188119
244.0 1052.990099009901
244.0 888.0
244.0 1132.3663366336634
244.0 793.0792079207921
244.0 998.3861386138614
244.0 867.6336633663366
244.0 1128.079207920792
244.0 990.7227722772277
244.0 950.6930693069307
244.0 870.5346534653465
244.0 960.1782178217821
244.0 925.1980198019802
244.0 1143.6039603960396
244.0 914.1980198019802
244.0 1254.1881188118812
244.0 1309.7227722772277
244.0 811.1089108910891
244.0 745.8514851485148
244.0 892.6336633663366
244.0 1113.5841584158416
244.0 1234.4158415841584
244.0 1168.4158415841584
244.0 1028.7722772277227
244.0 1082.970297029703
244.0 1108.7326732673268
244.0 1084.4950495049504
244.0 1148.029702970297
244.0 1099.6435643564357
244.0 1219.9405940594058
244.0 949.3663366336634
244.0 1475.1584158415842
244.0 1385.5742574257426
244.0 1616.5841584158416
244.0 1290.5742574257426
244.0 1147.3564356435643
244.0 1115.069306930693
244.0 1095.7920792079208
244.0 875.6930693069307
244.0 823.5148514851485
244.0 1084.6336633663366
244.0 1163.2079207920792
244.0 1172.3267326732673
244.0 1172.8316831683169
244.0 1007.2871287128713
244.0 781.0693069306931
244.0 810.7920792079208
244.0 939.9306930693069
244.0 1103.8910891089108
244.0 1238.3168316831684
244.0 1147.3366336633662
244.0 996.4455445544554
244.0 1125.6831683168316
244.0 807.059405940594
244.0 870.8316831683169
244.0 856.6237623762377
244.0 589.940594059406
244.0 941.5742574257425
244.0 1066.009900990099
244.0 816.6831683168317
244.0 1055.029702970297
244.0 682.049504950495
244.0 807.4851485148515
244.0 876.3069306930693
244.0 1219.7623762376238
244.0 834.8019801980198
244.0 1014.1683168316831
244.0 907.039603960396
244.0 1097.6336633663366
244.0 1134.2376237623762
244.0 892.5841584158416
244.0 805.1386138613861
244.0 887.5148514851485
244.0 816.7425742574258
244.0 1020.1584158415842
244.0 1102.3168316831684
244.0 921.1881188118812
244.0 1013.3465346534654
244.0 1223.049504950495
244.0 967.4752475247525
244.0 812.1287128712871
244.0 755.4653465346535
244.0 1255.881188118812
244.0 983.7227722772277
244.0 856.940594059406
244.0 704.7821782178218
244.0 1026.3069306930693
244.0 1117.4752475247524
244.0 927.4653465346535
244.0 907.6237623762377
244.0 937.3069306930693
244.0 1192.0891089108911
244.0 979.7623762376238
244.0 776.7425742574258
244.0 1037.5445544554455
244.0 1159.019801980198
244.0 1261.148514851485
244.0 929.7623762376238
244.0 1276.7623762376238
244.0 1326.2871287128712
244.0 1124.039603960396
244.0 1001.3960396039604
244.0 1109.1782178217823
244.0 1109.90099009901
244.0 971.2277227722773
244.0 949.3762376237623
244.0 977.3366336633663
244.0 833.8217821782179
244.0 956.8415841584158
244.0 1008.980198019802
244.0 1039.1287128712872
244.0 902.2871287128713
244.0 939.960396039604
244.0 838.8910891089109
244.0 1265.029702970297
244.0 1304.3762376237623
244.0 898.2376237623762
244.0 1031.6732673267327
244.0 944.1782178217821
244.0 1070.4950495049504
244.0 940.950495049505
244.0 470.2772277227723
244.0 664.5643564356436
244.0 834.5940594059406
244.0 954.4653465346535
244.0 743.3960396039604
244.0 786.1188118811881
244.0 929.0
244.0 894.059405940594
244.0 1187.0594059405942
244.0 1224.930693069307
244.0 1316.2079207920792
244.0 1039.6138613861385
244.0 987.3564356435644
244.0 797.3564356435644
244.0 998.009900990099
244.0 1067.6633663366338
244.0 1055.8910891089108
244.0 936.1287128712871
244.0 999.5940594059406
244.0 736.940594059406
244.0 1010.1683168316831
244.0 1506.5742574257426
244.0 1406.029702970297
244.0 1284.029702970297
244.0 1313.8118811881188
244.0 1258.851485148515
244.0 1408.7326732673268
244.0 1172.6534653465346
244.0 1362.3267326732673
244.0 1336.5445544554455
244.0 1059.4752475247524
244.0 995.7227722772277
244.0 882.6930693069307
244.0 1074.3267326732673
244.0 1059.920792079208
244.0 1087.6633663366338
244.0 977.2574257425742
244.0 929.6039603960396
244.0 927.0990099009902
244.0 1219.5940594059407
244.0 1081.5346534653465
244.0 1125.2277227722773
244.0 985.2475247524752
244.0 1047.6633663366338
244.0 1178.4059405940593
244.0 962.6732673267327
244.0 1048.4554455445545
244.0 861.1089108910891
244.0 798.7128712871287
244.0 1385.019801980198
244.0 1158.6435643564357
244.0 1067.6138613861385
244.0 1014.8910891089109
244.0 984.2079207920792
244.0 1094.1683168316831
244.0 1225.2871287128712
244.0 907.4257425742575
244.0 903.5742574257425
244.0 948.6138613861386
244.0 1123.2871287128712
244.0 1139.3861386138615
244.0 960.8415841584158
244.0 747.6138613861386
244.0 1214.4257425742574
244.0 911.950495049505
244.0 726.3267326732673
244.0 849.5247524752475
244.0 953.3663366336634
244.0 847.3564356435644
244.0 1027.960396039604
244.0 1044.960396039604
244.0 865.940594059406
244.0 1027.930693069307
244.0 823.4752475247525
244.0 844.1089108910891
244.0 848.0792079207921
244.0 1249.5643564356435
244.0 792.1683168316831
244.0 943.5049504950495
244.0 1149.2376237623762
244.0 1227.6138613861385
244.0 973.9207920792079
244.0 885.1386138613861
244.0 1089.9108910891089
244.0 1094.4950495049504
244.0 806.4356435643564
244.0 945.4851485148515
244.0 1052.0594059405942
244.0 1008.4158415841584
244.0 1178.980198019802
244.0 942.1782178217821
244.0 974.9306930693069
244.0 858.5247524752475
244.0 926.059405940594
244.0 788.1386138613861
244.0 968.8118811881188
244.0 1010.2178217821782
244.0 958.1683168316831
244.0 1416.7920792079208
244.0 1080.6732673267327
244.0 1012.4158415841584
244.0 1088.3960396039604
244.0 960.5445544554456
244.0 1016.4158415841584
244.0 1089.4158415841584
244.0 986.6831683168317
244.0 877.5643564356436
244.0 698.9108910891089
244.0 757.7722772277227
244.0 903.0891089108911
244.0 1045.3267326732673
244.0 1024.7623762376238
244.0 1169.6237623762377
244.0 987.6039603960396
244.0 1002.3960396039604
244.0 1144.148514851485
244.0 1279.2673267326732
244.0 1230.069306930693
244.0 1348.3366336633662
244.0 1589.9405940594058
244.0 1343.4950495049504
244.0 986.0693069306931
244.0 1056.8712871287128
244.0 949.7821782178218
244.0 621.9306930693069
164.0 1036.09900990099
164.0 657.2673267326733
164.0 808.3465346534654
164.0 1031.3861386138615
164.0 1197.6930693069307
164.0 1190.5049504950496
164.0 1217.3663366336634
164.0 1207.2574257425742
164.0 1114.6237623762377
164.0 1260.2376237623762
164.0 1146.9108910891089
164.0 1067.1584158415842
164.0 1333.3564356435643
164.0 1077.6732673267327
164.0 1221.8613861386139
164.0 1171.3366336633662
164.0 899.8316831683169
164.0 631.4158415841584
164.0 563.8613861386139
164.0 855.8910891089109
164.0 952.4653465346535
164.0 794.1683168316831
164.0 823.3663366336634
164.0 672.2178217821782
164.0 1031.09900990099
164.0 734.7920792079208
164.0 1050.1584158415842
164.0 1118.2079207920792
164.0 1155.2178217821781
164.0 878.039603960396
164.0 870.3861386138614
164.0 1197.8316831683169
164.0 1290.6633663366338
164.0 1100.5841584158416
164.0 879.0
164.0 1119.990099009901
164.0 1493.0
164.0 1242.980198019802
164.0 1050.4257425742574
164.0 1021.5247524752475
164.0 1200.90099009901
164.0 1205.0594059405942
164.0 1040.7920792079208
164.0 1287.2673267326732
164.0 1029.3960396039604
164.0 1443.6930693069307
164.0 1067.1980198019803
164.0 988.0990099009902
164.0 1067.5148514851485
164.0 1065.2673267326732
164.0 970.4851485148515
164.0 736.3663366336634
164.0 710.7722772277227
164.0 777.3465346534654
164.0 846.1980198019802
164.0 1020.3267326732673
164.0 981.7722772277227
164.0 1002.039603960396
164.0 1303.4752475247524
164.0 1109.3465346534654
164.0 926.2475247524752
164.0 813.2772277227723
164.0 568.980198019802
164.0 689.8316831683169
164.0 852.2079207920792
164.0 944.6435643564356
164.0 929.1980198019802
164.0 1133.3663366336634
164.0 903.9702970297029
164.0 882.7128712871287
164.0 948.1485148514852
164.0 815.940594059406
164.0 911.7425742574258
164.0 1027.029702970297
164.0 822.1287128712871
163.0 694.990099009901
163.0 1208.4059405940593
163.0 1201.039603960396
163.0 1069.8316831683169
163.0 1096.3168316831684
163.0 1006.5742574257425
163.0 1055.5544554455446
163.0 1086.7821782178219
163.0 1033.6237623762377
160.0 1183.1881188118812
160.0 1021.2574257425742
160.0 1243.5148514851485
160.0 1014.3663366336634
160.0 1066.5742574257426
160.0 986.3663366336634
160.0 884.960396039604
160.0 878.6732673267327
160.0 672.5445544554456
160.0 784.8514851485148
160.0 1108.029702970297
160.0 981.1881188118812
160.0 1008.2673267326733
160.0 1072.2772277227723
160.0 1028.2970297029703
160.0 1132.980198019802
160.0 815.5148514851485
160.0 833.7227722772277
160.0 732.7128712871287
160.0 975.8415841584158
160.0 967.7227722772277
160.0 890.5643564356436
160.0 1263.4554455445545
160.0 794.6930693069307
160.0 847.0990099009902
160.0 907.4158415841584
160.0 1090.3960396039604
160.0 1299.8118811881188
160.0 1093.3960396039604
160.0 1171.5148514851485
160.0 1263.6534653465346
160.0 1215.7227722772277
160.0 924.039603960396
160.0 894.3366336633663
160.0 801.0990099009902
160.0 937.0891089108911
160.0 408.44554455445547
160.0 777.3861386138614
160.0 897.2475247524752
160.0 1023.5544554455446
160.0 683.2871287128713
160.0 534.1881188118812
160.0 753.3861386138614
160.0 1214.3267326732673
160.0 913.0990099009902
157.0 837.0891089108911
157.0 1250.1782178217823
157.0 1208.881188118812
157.0 786.7722772277227
157.0 929.5148514851485
157.0 1204.039603960396
157.0 1192.6732673267327
157.0 1336.7623762376238
157.0 1404.2277227722773
157.0 1113.2772277227723
157.0 1354.90099009901
157.0 1352.118811881188
157.0 1159.1386138613861
157.0 765.4851485148515
157.0 938.7722772277227
157.0 962.5049504950495
157.0 1299.960396039604
157.0 1018.5148514851485
157.0 1078.4851485148515
157.0 1032.5346534653465
157.0 1046.90099009901
157.0 832.8811881188119
157.0 720.0
157.0 1035.8217821782177
157.0 1030.970297029703
157.0 997.1386138613861
157.0 1008.6435643564356
157.0 787.4356435643564
157.0 904.2772277227723
157.0 793.1188118811881
157.0 750.2970297029703
157.0 685.3663366336634
157.0 847.8811881188119
157.0 626.5742574257425
127.0 814.5742574257425
127.0 1022.5445544554456
127.0 1065.7425742574258
127.0 917.7128712871287
127.0 872.4653465346535
127.0 683.1584158415842
127.0 1018.7920792079208
127.0 1293.079207920792
127.0 955.7920792079208
127.0 845.5643564356436
127.0 985.5643564356436
127.0 800.2376237623762
127.0 694.2277227722773
127.0 910.3762376237623
127.0 794.1485148514852
127.0 801.1584158415842
127.0 915.9702970297029
127.0 763.019801980198
127.0 754.4356435643564
127.0 737.2673267326733
127.0 612.9009900990098
127.0 973.4554455445544
127.0 1090.2970297029703
127.0 852.5643564356436
127.0 841.9207920792079
127.0 616.7128712871287
127.0 676.5544554455446
127.0 939.8712871287129
127.0 854.1683168316831
127.0 890.9702970297029
127.0 976.6039603960396
127.0 831.6732673267327
127.0 929.1683168316831
127.0 876.6336633663366
127.0 964.1980198019802
127.0 986.3564356435644
127.0 1070.7326732673268
127.0 1115.0891089108911
127.0 679.6534653465346
127.0 1039.7128712871288
127.0 906.2871287128713
127.0 1035.1980198019803
127.0 946.8910891089109
127.0 799.5544554455446
127.0 832.0792079207921
127.0 674.8415841584158
127.0 706.6138613861386
127.0 1040.4653465346535
127.0 1057.2277227722773
127.0 908.6633663366337
127.0 741.9207920792079
127.0 634.1683168316831
127.0 676.2079207920792
127.0 765.8415841584158
127.0 735.8613861386139
127.0 826.5445544554456
127.0 1132.4356435643565
127.0 832.7920792079208
127.0 932.2970297029703
127.0 911.7425742574258
127.0 952.8118811881188
127.0 1091.0891089108911
127.0 781.2772277227723
127.0 1036.1980198019803
127.0 837.5049504950495
127.0 510.8712871287129
127.0 773.1584158415842
127.0 770.7326732673267
127.0 928.1386138613861
127.0 970.5445544554456
127.0 983.2277227722773
127.0 1044.8316831683169
127.0 1004.1584158415842
127.0 972.3861386138614
127.0 1068.7227722772277
127.0 970.0891089108911
127.0 1017.8019801980198
127.0 890.009900990099
127.0 1000.7722772277227
127.0 1148.7128712871288
127.0 1030.4752475247524
127.0 934.3465346534654
127.0 1202.3366336633662
127.0 1035.4752475247524
127.0 793.4554455445544
127.0 1126.970297029703
127.0 893.059405940594
127.0 1204.3069306930693
127.0 1096.4059405940593
127.0 964.7623762376238
127.0 750.8514851485148
127.0 905.059405940594
127.0 964.3663366336634
127.0 942.940594059406
127.0 809.1089108910891
127.0 1077.3366336633662
127.0 1168.3465346534654
127.0 857.3267326732673
127.0 955.3465346534654
127.0 945.4950495049505
127.0 1043.039603960396
127.0 951.2970297029703
127.0 1099.980198019802
127.0 1165.5940594059407
127.0 810.7821782178218
127.0 799.6930693069307
127.0 793.5148514851485
127.0 986.2475247524752
127.0 958.8118811881188
127.0 637.3960396039604
127.0 849.990099009901
127.0 681.9009900990098
127.0 1200.6732673267327
127.0 1120.4950495049504
127.0 797.4950495049505
127.0 586.8712871287129
127.0 792.4356435643564
127.0 1003.7821782178218
127.0 1003.4653465346535
127.0 1086.5544554455446
127.0 742.5346534653465
127.0 909.8910891089109
127.0 802.7029702970297
127.0 1357.90099009901
127.0 1197.920792079208
127.0 1276.1980198019803
127.0 942.2871287128713
127.0 747.8613861386139
127.0 844.059405940594
127.0 1074.8415841584158
127.0 588.4554455445544
127.0 1071.4752475247524
127.0 1031.6633663366338
127.0 951.7326732673267
127.0 973.1386138613861
127.0 754.8415841584158
127.0 946.049504950495
127.0 884.3861386138614
127.0 1006.5940594059406
127.0 1138.3762376237623
127.0 1066.920792079208
127.0 1011.3762376237623
127.0 759.2673267326733
127.0 838.7227722772277
127.0 765.3168316831683
127.0 723.019801980198
127.0 874.6732673267327
127.0 834.940594059406
127.0 785.8316831683169
127.0 761.3564356435644
127.0 619.039603960396
127.0 769.059405940594
127.0 801.990099009901
127.0 702.0
127.0 804.009900990099
127.0 915.7227722772277
127.0 908.2178217821782
127.0 635.5643564356436
127.0 895.3465346534654
127.0 947.1485148514852
127.0 757.3267326732673
127.0 708.4653465346535
127.0 638.5247524752475
127.0 907.2673267326733
127.0 809.5247524752475
127.0 1264.7722772277227
127.0 710.1980198019802
127.0 657.039603960396
127.0 996.980198019802
127.0 796.7227722772277
127.0 1017.7524752475248
127.0 1202.3564356435643
127.0 805.6831683168317
127.0 742.4950495049505
127.0 874.8019801980198
127.0 878.8217821782179
127.0 1137.6534653465346
127.0 859.9306930693069
127.0 1184.3762376237623
127.0 1220.2376237623762
127.0 1137.8712871287128
127.0 1095.5841584158416
127.0 1258.019801980198
127.0 883.4653465346535
127.0 738.7821782178218
127.0 1149.1980198019803
127.0 957.2475247524752
127.0 865.7920792079208
127.0 836.6039603960396
127.0 863.3861386138614
127.0 528.9108910891089
127.0 633.6435643564356
127.0 796.9207920792079
127.0 713.7524752475248
127.0 601.960396039604
127.0 1093.148514851485
127.0 884.8514851485148
127.0 838.2277227722773
127.0 707.1782178217821
127.0 874.049504950495
127.0 573.6633663366337
127.0 936.5346534653465
127.0 866.3366336633663
127.0 851.8316831683169
127.0 879.8019801980198
127.0 716.1386138613861
127.0 660.6435643564356
127.0 875.6930693069307
127.0 986.2475247524752
127.0 1281.960396039604
127.0 773.6336633663366
127.0 719.4554455445544
127.0 907.940594059406
127.0 754.3366336633663
127.0 772.1485148514852
127.0 1130.920792079208
127.0 859.9009900990098
127.0 581.8910891089109
127.0 951.2475247524752
127.0 1204.2178217821781
127.0 1039.950495049505
127.0 916.980198019802
127.0 803.7623762376238
127.0 656.4257425742575
127.0 1061.7920792079208
127.0 784.6930693069307
127.0 923.4851485148515
127.0 678.3564356435644
127.0 734.2475247524752
127.0 541.049504950495
127.0 593.2475247524752
127.0 895.0693069306931
127.0 1048.3465346534654
127.0 711.2376237623762
127.0 728.6237623762377
127.0 887.960396039604
127.0 747.6039603960396
127.0 1015.4356435643564
127.0 1070.4851485148515
127.0 815.5346534653465
127.0 975.1287128712871
127.0 1037.8613861386139
127.0 962.5445544554456
127.0 981.5544554455446
127.0 1183.8118811881188
127.0 807.1683168316831
127.0 520.1584158415842
127.0 594.009900990099
127.0 794.5346534653465
127.0 574.7425742574258
127.0 963.3267326732673
127.0 742.8910891089109
127.0 1184.3663366336634
127.0 936.6237623762377
127.0 969.7227722772277
127.0 908.019801980198
127.0 1042.7722772277227
127.0 707.2970297029703
127.0 869.3465346534654
127.0 598.059405940594
127.0 823.8118811881188
127.0 677.7425742574258
127.0 652.2871287128713
127.0 1309.2277227722773
127.0 902.2079207920792
