4577.0 10524.0
4577.0 9452.712871287129
4577.0 9180.960396039603
4577.0 8529.465346534653
2898.0 7657.60396039604
2343.0 7194.267326732674
2686.0 6860.782178217822
2686.0 6018.940594059406
2686.0 6149.475247524752
2686.0 5598.9009900990095
2609.0 5295.6732673267325
2323.0 4866.772277227723
2017.0 4354.534653465346
2430.0 4030.8118811881186
1953.0 3640.633663366337
1953.0 3609.237623762376
1554.0 3459.891089108911
1554.0 3273.2871287128714
1553.0 3365.2574257425745
1553.0 3202.5643564356437
1553.0 2949.089108910891
1553.0 2665.6534653465346
1553.0 2619.4851485148515
1552.0 2291.762376237624
1552.0 2195.5247524752476
1552.0 2238.3564356435645
1099.0 2443.8118811881186
1552.0 1995.6534653465346
1552.0 2129.3861386138615
875.0 1987.1287128712872
875.0 2019.9108910891089
851.0 1975.7722772277227
851.0 2072.6732673267325
851.0 1986.118811881188
851.0 1896.019801980198
851.0 1803.9405940594058
806.0 1944.1287128712872
806.0 1716.4950495049504
806.0 1553.4554455445545
806.0 1551.7524752475247
974.0 1428.3069306930693
545.0 1436.9405940594058
545.0 1740.2376237623762
545.0 1717.009900990099
545.0 1666.2079207920792
545.0 1578.3267326732673
545.0 1439.6831683168316
545.0 1528.1584158415842
456.0 1521.4950495049504
456.0 1373.3960396039604
545.0 1607.7821782178219
545.0 1707.5148514851485
545.0 1492.7128712871288
545.0 1578.3267326732673
545.0 1267.0
545.0 1503.049504950495
545.0 1334.4752475247524
308.0 1359.3960396039604
308.0 1358.2079207920792
308.0 1511.4059405940593
308.0 1543.2970297029703
308.0 1496.2475247524753
308.0 1388.4653465346535
308.0 1424.2673267326732
308.0 1327.118811881188
308.0 1422.2376237623762
308.0 1676.3465346534654
308.0 1538.1881188118812
308.0 1528.2277227722773
308.0 973.8811881188119
308.0 972.3069306930693
308.0 986.6336633663366
308.0 1157.079207920792
308.0 1098.5049504950496
308.0 986.8118811881188
308.0 953.2673267326733
299.0 1037.7029702970297
299.0 1079.6732673267327
299.0 974.3465346534654
299.0 1229.5940594059407
299.0 1019.5544554455446
299.0 1127.5346534653465
299.0 1247.148514851485
299.0 1235.049504950495
299.0 1262.6138613861385
299.0 1151.2772277227723
299.0 1233.8712871287128
299.0 1103.851485148515
299.0 1247.5445544554455
299.0 903.7920792079208
299.0 1052.3267326732673
299.0 1355.2376237623762
299.0 1132.3762376237623
299.0 1043.980198019802
299.0 708.4950495049505
299.0 921.9009900990098
299.0 1092.4356435643565
298.0 1076.6534653465346
298.0 1207.2871287128712
298.0 1157.3465346534654
298.0 1281.4257425742574
299.0 1156.2673267326732
299.0 991.1386138613861
299.0 972.950495049505
299.0 1168.8118811881188
299.0 1333.4455445544554
299.0 1287.3762376237623
299.0 1109.7128712871288
299.0 993.6633663366337
299.0 1035.4653465346535
299.0 945.8118811881188
299.0 931.5247524752475
299.0 1131.7227722772277
299.0 1008.8811881188119
299.0 1102.8118811881188
299.0 786.950495049505
299.0 808.7524752475248
299.0 1224.3564356435643
299.0 1023.8415841584158
299.0 906.0
299.0 788.1881188118812
299.0 989.4752475247525
298.0 1140.4455445544554
298.0 955.4851485148515
298.0 901.3663366336634
298.0 926.6435643564356
298.0 933.6930693069307
212.0 1057.3366336633662
212.0 937.3465346534654
212.0 1024.079207920792
212.0 1160.8118811881188
212.0 964.2970297029703
212.0 897.6633663366337
133.0 969.9108910891089
133.0 1319.8613861386139
133.0 1440.980198019802
133.0 1214.0
133.0 963.950495049505
133.0 954.5841584158416
133.0 1048.5247524752476
133.0 1081.5148514851485
101.0 1044.4158415841584
101.0 1020.4158415841584
101.0 1100.019801980198
101.0 1220.1584158415842
101.0 828.5346534653465
101.0 952.5940594059406
101.0 1125.7128712871288
101.0 1033.7821782178219
101.0 886.2574257425742
101.0 1157.4554455445545
101.0 878.3762376237623
101.0 737.8613861386139
101.0 980.7029702970297
101.0 850.8019801980198
101.0 777.0
101.0 973.8316831683169
101.0 848.7722772277227
101.0 576.5940594059406
101.0 623.5742574257425
101.0 733.8118811881188
101.0 623.1386138613861
101.0 763.0297029702971
101.0 968.3564356435644
101.0 611.3366336633663
101.0 936.0693069306931
101.0 978.9009900990098
101.0 940.7722772277227
101.0 1126.4851485148515
101.0 769.1485148514852
101.0 1190.7821782178219
101.0 1320.1386138613861
101.0 1241.0891089108911
101.0 843.7029702970297
101.0 1031.6237623762377
101.0 761.7623762376238
101.0 636.6633663366337
101.0 753.3564356435644
101.0 611.4752475247525
101.0 840.9108910891089
101.0 847.8613861386139
101.0 1033.09900990099
101.0 811.0
101.0 673.9306930693069
101.0 1057.7326732673268
101.0 651.3861386138614
101.0 614.8019801980198
101.0 865.2574257425742
101.0 848.4851485148515
101.0 1062.4059405940593
101.0 780.5841584158416
101.0 955.980198019802
101.0 837.4950495049505
101.0 818.2376237623762
101.0 1058.2178217821781
101.0 903.1881188118812
101.0 845.0891089108911
101.0 748.6138613861386
101.0 782.9306930693069
101.0 1110.049504950495
101.0 820.3267326732673
101.0 735.2673267326733
101.0 902.4851485148515
101.0 974.1485148514852
101.0 995.9108910891089
101.0 1136.4257425742574
101.0 839.6831683168317
101.0 741.4356435643564
101.0 989.7623762376238
101.0 1082.2772277227723
101.0 797.5346534653465
101.0 1033.0891089108911
101.0 908.3960396039604
101.0 907.3861386138614
101.0 1170.930693069307
101.0 694.2475247524752
101.0 795.0693069306931
101.0 761.1089108910891
101.0 822.8316831683169
101.0 858.8019801980198
101.0 1036.118811881188
101.0 1073.990099009901
101.0 854.5445544554456
101.0 621.8613861386139
101.0 815.8217821782179
101.0 834.8316831683169
101.0 974.1584158415842
101.0 1038.0
101.0 994.5148514851485
101.0 1005.5544554455446
101.0 837.1089108910891
101.0 1175.7128712871288
101.0 1343.6534653465346
101.0 792.4059405940594
101.0 774.0792079207921
101.0 728.8514851485148
101.0 716.8019801980198
101.0 773.8811881188119
101.0 621.8415841584158
101.0 682.2376237623762
101.0 462.019801980198
101.0 828.4158415841584
101.0 1099.3762376237623
101.0 1071.4554455445545
101.0 944.3267326732673
101.0 649.009900990099
101.0 727.940594059406
101.0 1177.4356435643565
101.0 1027.3960396039604
101.0 1095.7524752475247
101.0 1098.6039603960396
101.0 1156.7722772277227
101.0 747.8019801980198
101.0 752.5742574257425
101.0 1092.2277227722773
101.0 759.940594059406
101.0 1152.5841584158416
101.0 1356.1089108910892
101.0 838.6336633663366
101.0 790.5544554455446
101.0 624.3861386138614
101.0 1008.4257425742575
101.0 849.7722772277227
101.0 832.2079207920792
101.0 1108.8712871287128
101.0 802.1683168316831
101.0 884.9306930693069
101.0 1246.6534653465346
101.0 1198.970297029703
92.0 834.3267326732673
92.0 767.1485148514852
92.0 998.5049504950495
92.0 1103.8910891089108
92.0 1017.1287128712871
92.0 968.7524752475248
92.0 959.1881188118812
92.0 1001.6138613861386
92.0 1065.3564356435643
92.0 1093.4752475247524
92.0 720.8712871287129
92.0 870.7623762376238
92.0 586.7128712871287
92.0 759.960396039604
92.0 1022.3960396039604
92.0 757.3960396039604
92.0 722.6633663366337
92.0 667.8514851485148
92.0 743.3663366336634
92.0 607.4455445544554
92.0 749.2376237623762
92.0 708.5841584158416
92.0 1099.0594059405942
92.0 774.049504950495
92.0 596.6138613861386
92.0 856.7623762376238
92.0 895.6435643564356
92.0 1259.851485148515
92.0 1026.5148514851485
92.0 1364.049504950495
92.0 1403.5346534653465
92.0 1212.3564356435643
92.0 1104.3762376237623
93.0 882.6831683168317
93.0 933.0693069306931
93.0 1019.8712871287129
93.0 1073.2277227722773
93.0 850.3861386138614
93.0 664.2574257425742
93.0 742.3168316831683
93.0 1011.9702970297029
93.0 763.0792079207921
93.0 737.6831683168317
93.0 792.5346534653465
93.0 710.5643564356436
93.0 1159.4257425742574
93.0 1270.6336633663366
93.0 1146.7722772277227
93.0 1143.7128712871288
93.0 1027.049504950495
93.0 1273.7920792079208
93.0 1196.3465346534654
93.0 1100.2475247524753
93.0 659.6138613861386
93.0 597.2079207920792
93.0 759.4356435643564
93.0 425.6930693069307
93.0 656.7524752475248
93.0 855.9108910891089
93.0 957.5247524752475
93.0 925.990099009901
93.0 717.4257425742575
93.0 693.4752475247525
93.0 556.6336633663366
93.0 904.2178217821782
93.0 899.049504950495
93.0 783.5643564356436
93.0 1108.3465346534654
93.0 1119.8613861386139
93.0 906.2970297029703
93.0 855.2178217821782
93.0 1119.7029702970297
93.0 1006.8811881188119
93.0 902.2871287128713
93.0 917.5940594059406
93.0 935.8811881188119
93.0 893.6138613861386
93.0 896.980198019802
93.0 1166.4554455445545
93.0 1050.5841584158416
93.0 975.059405940594
93.0 670.3861386138614
93.0 838.5742574257425
93.0 825.7920792079208
93.0 1166.4257425742574
93.0 939.3663366336634
93.0 956.0693069306931
93.0 1136.5544554455446
93.0 1199.0594059405942
93.0 944.5742574257425
93.0 925.1287128712871
93.0 1185.4356435643565
93.0 818.5445544554456
93.0 1016.6633663366337
93.0 656.5940594059406
93.0 700.3762376237623
93.0 755.9207920792079
93.0 1174.4059405940593
93.0 771.940594059406
93.0 891.9108910891089
93.0 983.6930693069307
93.0 918.8217821782179
93.0 771.6831683168317
93.0 614.6336633663366
93.0 963.7821782178218
93.0 951.7524752475248
93.0 568.5445544554456
93.0 696.4455445544554
93.0 737.7524752475248
93.0 479.58415841584156
93.0 387.2970297029703
93.0 583.2970297029703
93.0 1021.8514851485148
93.0 1273.019801980198
93.0 1003.4851485148515
93.0 827.5841584158416
93.0 1003.6831683168317
93.0 753.1485148514852
93.0 830.8910891089109
93.0 623.3267326732673
93.0 771.1584158415842
93.0 756.8613861386139
93.0 890.3366336633663
93.0 1126.2277227722773
93.0 914.3267326732673
93.0 841.980198019802
93.0 853.1782178217821
93.0 923.7029702970297
93.0 1111.8613861386139
93.0 767.9207920792079
93.0 880.8514851485148
93.0 922.4158415841584
93.0 1154.0
93.0 878.6930693069307
93.0 735.0693069306931
93.0 874.6534653465346
93.0 980.8712871287129
93.0 795.5940594059406
93.0 967.1881188118812
93.0 999.1584158415842
93.0 1087.3663366336634
93.0 682.1386138613861
93.0 1038.1782178217823
93.0 985.0
93.0 927.9702970297029
93.0 1027.3564356435643
93.0 796.4356435643564
93.0 1133.2277227722773
93.0 1043.1089108910892
87.0 963.5049504950495
87.0 886.9108910891089
87.0 1160.3960396039604
87.0 1066.2970297029703
87.0 1132.9405940594058
87.0 1011.6534653465346
87.0 1034.5940594059407
87.0 1134.0594059405942
87.0 1144.90099009901
87.0 1096.5346534653465
87.0 1222.6138613861385
87.0 1155.2970297029703
87.0 1074.3168316831684
87.0 1159.7425742574258
87.0 1157.5742574257426
87.0 1448.9108910891089
87.0 1007.980198019802
87.0 1200.9405940594058
87.0 1111.2178217821781
87.0 857.0792079207921
87.0 972.6435643564356
87.0 849.8118811881188
87.0 861.2277227722773
87.0 1103.3663366336634
87.0 1157.6138613861385
87.0 1187.8613861386139
87.0 975.5841584158416
87.0 878.8415841584158
87.0 1209.029702970297
87.0 1042.039603960396
87.0 732.3168316831683
87.0 562.3960396039604
87.0 807.6039603960396
87.0 1048.4356435643565
87.0 993.1881188118812
87.0 686.1980198019802
87.0 761.3861386138614
87.0 924.1584158415842
87.0 949.6336633663366
87.0 1026.5247524752476
87.0 924.8019801980198
87.0 844.3564356435644
87.0 1011.5841584158416
87.0 1048.069306930693
87.0 1122.3168316831684
86.0 836.4950495049505
86.0 903.7920792079208
86.0 976.0
86.0 946.940594059406
86.0 1072.8910891089108
86.0 966.7029702970297
86.0 1397.1089108910892
86.0 1337.7326732673268
86.0 1519.019801980198
86.0 1198.2871287128712
86.0 710.2673267326733
86.0 886.3069306930693
86.0 546.009900990099
86.0 694.2475247524752
86.0 595.8514851485148
86.0 658.7623762376238
86.0 824.950495049505
86.0 1004.7524752475248
86.0 1006.2574257425742
86.0 1003.2574257425742
86.0 825.049504950495
86.0 889.4653465346535
86.0 784.8118811881188
86.0 693.5643564356436
86.0 905.0693069306931
86.0 763.8514851485148
86.0 851.049504950495
86.0 979.9306930693069
86.0 860.1683168316831
86.0 766.6039603960396
86.0 772.5544554455446
86.0 678.9108910891089
86.0 641.8613861386139
86.0 1059.0
86.0 839.8910891089109
86.0 1023.5049504950495
86.0 1052.8019801980197
86.0 726.5148514851485
86.0 750.2970297029703
86.0 476.7524752475247
86.0 583.5643564356436
86.0 972.960396039604
86.0 1141.049504950495
86.0 1040.7623762376238
86.0 933.4752475247525
86.0 1114.8316831683169
86.0 818.5940594059406
86.0 603.7821782178218
86.0 556.7326732673267
86.0 607.1485148514852
86.0 776.4455445544554
86.0 627.0
86.0 816.9108910891089
86.0 707.2178217821782
86.0 823.3762376237623
86.0 877.5742574257425
86.0 1191.920792079208
86.0 1217.6633663366338
86.0 1075.079207920792
86.0 799.2178217821782
86.0 761.7524752475248
86.0 727.7227722772277
86.0 1126.1782178217823
86.0 1008.6237623762377
86.0 871.019801980198
86.0 980.9108910891089
86.0 1075.7227722772277
86.0 808.0693069306931
86.0 919.2574257425742
86.0 1054.6831683168316
86.0 806.950495049505
86.0 763.8613861386139
86.0 615.2772277227723
86.0 540.1287128712871
86.0 1079.3564356435643
86.0 968.5841584158416
86.0 1066.7623762376238
86.0 896.3168316831683
86.0 707.2871287128713
86.0 481.86138613861385
86.0 648.5346534653465
86.0 657.8415841584158
86.0 874.019801980198
86.0 901.7326732673267
86.0 929.8910891089109
86.0 825.3465346534654
86.0 835.5742574257425
86.0 619.5148514851485
86.0 718.6831683168317
86.0 783.1485148514852
86.0 770.7920792079208
86.0 716.3267326732673
86.0 733.4653465346535
86.0 637.9108910891089
86.0 847.5346534653465
86.0 677.039603960396
86.0 866.8910891089109
86.0 970.7425742574258
85.0 604.3861386138614
85.0 746.9009900990098
85.0 1049.3762376237623
85.0 1118.8019801980197
85.0 1038.7623762376238
85.0 1088.2376237623762
84.0 963.7722772277227
84.0 798.8712871287129
84.0 1151.09900990099
84.0 859.8415841584158
84.0 768.6831683168317
84.0 974.960396039604
84.0 897.059405940594
84.0 857.7227722772277
84.0 822.7029702970297
84.0 1150.8910891089108
84.0 903.2574257425742
84.0 1200.1980198019803
84.0 1024.7623762376238
84.0 1078.4059405940593
84.0 874.009900990099
84.0 1047.2772277227723
84.0 682.009900990099
84.0 764.6831683168317
84.0 1137.5445544554455
84.0 1224.2475247524753
84.0 1102.7722772277227
84.0 785.2277227722773
84.0 896.7821782178218
84.0 840.2079207920792
84.0 923.3960396039604
84.0 834.2871287128713
84.0 799.5940594059406
84.0 1095.0594059405942
84.0 1195.8910891089108
84.0 1155.2871287128712
84.0 940.0792079207921
84.0 1007.1584158415842
84.0 888.019801980198
84.0 963.0
84.0 1218.2574257425742
84.0 1077.4158415841584
84.0 1099.7227722772277
84.0 1030.8118811881188
84.0 630.6237623762377
84.0 1023.6237623762377
84.0 950.7227722772277
84.0 1098.049504950495
84.0 911.3465346534654
84.0 901.2673267326733
84.0 1227.0891089108911
84.0 970.2079207920792
84.0 871.6831683168317
84.0 933.5148514851485
84.0 944.4059405940594
84.0 1225.5148514851485
84.0 740.3465346534654
84.0 672.8514851485148
84.0 629.019801980198
84.0 987.1485148514852
84.0 971.1980198019802
84.0 1175.930693069307
84.0 1257.7524752475247
84.0 950.0792079207921
84.0 547.2574257425742
84.0 456.3960396039604
84.0 1034.4851485148515
84.0 1008.8019801980198
84.0 802.4851485148515
84.0 729.7227722772277
84.0 1262.7722772277227
84.0 975.5544554455446
84.0 887.2376237623762
84.0 858.8415841584158
84.0 791.2970297029703
84.0 718.4059405940594
84.0 902.3861386138614
84.0 907.4950495049505
84.0 902.6831683168317
84.0 944.9009900990098
84.0 732.1188118811881
84.0 824.2772277227723
84.0 1008.9702970297029
84.0 1163.5742574257426
84.0 998.4752475247525
84.0 825.8217821782179
84.0 816.5346534653465
84.0 843.2970297029703
84.0 877.009900990099
84.0 955.2970297029703
84.0 840.2574257425742
84.0 978.7227722772277
84.0 860.1485148514852
84.0 988.950495049505
84.0 882.4950495049505
84.0 1163.6930693069307
84.0 937.059405940594
84.0 849.7821782178218
84.0 826.2475247524752
84.0 984.6138613861386
84.0 1071.2376237623762
84.0 684.6732673267327
84.0 847.1881188118812
84.0 632.3960396039604
84.0 958.1683168316831
84.0 851.1980198019802
84.0 515.4653465346535
84.0 1189.90099009901
84.0 1073.8019801980197
84.0 1258.5940594059407
84.0 975.7128712871287
84.0 1046.3168316831684
84.0 732.6534653465346
84.0 510.2178217821782
84.0 785.2277227722773
84.0 755.2970297029703
84.0 743.8217821782179
84.0 668.2079207920792
84.0 1064.3564356435643
84.0 1273.0
84.0 742.4059405940594
84.0 844.6633663366337
84.0 578.7623762376238
84.0 814.2772277227723
84.0 739.8910891089109
84.0 775.7722772277227
84.0 915.9207920792079
84.0 998.4752475247525
84.0 805.8118811881188
84.0 1020.3267326732673
84.0 920.5544554455446
84.0 705.3069306930693
84.0 917.8217821782179
84.0 658.7524752475248
84.0 775.5742574257425
84.0 624.3663366336634
84.0 778.4158415841584
84.0 644.3069306930693
84.0 858.6633663366337
84.0 972.0297029702971
84.0 837.5049504950495
84.0 918.5247524752475
84.0 676.8415841584158
84.0 855.8217821782179
84.0 761.5841584158416
84.0 937.4158415841584
84.0 681.950495049505
84.0 903.9207920792079
84.0 938.2475247524752
84.0 1107.4950495049504
84.0 1198.4851485148515
84.0 1012.6534653465346
84.0 1136.6237623762377
84.0 1090.1881188118812
84.0 899.4554455445544
84.0 835.7227722772277
84.0 1222.039603960396
84.0 1147.8217821782177
84.0 1061.8712871287128
84.0 872.2475247524752
84.0 862.1980198019802
84.0 759.049504950495
84.0 759.0
84.0 801.6732673267327
84.0 871.3663366336634
84.0 829.5049504950495
84.0 796.2574257425742
84.0 878.0297029702971
84.0 916.3465346534654
84.0 554.0693069306931
84.0 723.8415841584158
84.0 793.3663366336634
84.0 995.5643564356436
84.0 1048.6138613861385
84.0 937.6435643564356
84.0 975.6732673267327
84.0 755.2178217821782
84.0 1224.4554455445545
84.0 832.9009900990098
84.0 647.3564356435644
84.0 735.3465346534654
84.0 917.7920792079208
84.0 1151.4455445544554
84.0 1023.8712871287129
84.0 1073.6633663366338
84.0 977.4455445544554
84.0 962.8712871287129
84.0 907.9009900990098
84.0 979.1584158415842
84.0 867.039603960396
84.0 943.6138613861386
84.0 923.7029702970297
84.0 1097.5445544554455
84.0 886.9702970297029
84.0 884.1881188118812
84.0 953.039603960396
84.0 674.4257425742575
84.0 988.0792079207921
84.0 928.1683168316831
84.0 749.5742574257425
84.0 669.7920792079208
84.0 715.9306930693069
84.0 878.7227722772277
84.0 577.990099009901
84.0 1101.4851485148515
84.0 1049.5445544554455
84.0 910.4356435643564
84.0 814.6039603960396
84.0 668.5742574257425
84.0 1150.4356435643565
84.0 1007.7425742574258
84.0 693.2277227722773
84.0 617.5049504950495
84.0 788.980198019802
84.0 937.3465346534654
84.0 1109.3465346534654
84.0 788.8613861386139
84.0 814.019801980198
84.0 683.3663366336634
84.0 800.039603960396
84.0 880.5841584158416
84.0 1073.3762376237623
84.0 1352.2079207920792
84.0 1222.1782178217823
84.0 1074.2376237623762
84.0 1368.6237623762377
84.0 1023.4950495049505
84.0 953.940594059406
84.0 1244.2871287128712
84.0 813.5940594059406
83.0 761.4851485148515
83.0 655.5841584158416
83.0 672.7227722772277
83.0 755.2871287128713
83.0 869.9009900990098
83.0 582.2574257425742
82.0 960.4059405940594
82.0 1255.4455445544554
82.0 967.3465346534654
82.0 839.0693069306931
82.0 759.7227722772277
82.0 865.059405940594
82.0 902.5346534653465
82.0 870.5841584158416
82.0 651.1980198019802
82.0 718.1683168316831
82.0 1130.5148514851485
82.0 763.990099009901
82.0 979.5544554455446
82.0 676.950495049505
82.0 829.1980198019802
82.0 857.3168316831683
82.0 902.2574257425742
82.0 712.8613861386139
82.0 636.3267326732673
82.0 771.1188118811881
82.0 601.990099009901
82.0 810.5940594059406
82.0 790.2475247524752
82.0 1191.1089108910892
82.0 1066.4950495049504
82.0 1025.6336633663366
82.0 901.8118811881188
82.0 870.2079207920792
82.0 1259.4455445544554
82.0 795.2574257425742
82.0 979.1881188118812
82.0 889.3366336633663
82.0 974.7326732673267
82.0 1002.5148514851485
82.0 677.049504950495
82.0 747.3762376237623
82.0 972.2772277227723
82.0 1060.950495049505
82.0 1031.4950495049504
82.0 1087.970297029703
82.0 1037.8316831683169
82.0 1193.7029702970297
82.0 1253.90099009901
82.0 865.5445544554456
82.0 900.9009900990098
82.0 949.7326732673267
82.0 979.6831683168317
82.0 829.8712871287129
82.0 865.6831683168317
82.0 1044.039603960396
82.0 740.6138613861386
82.0 1091.2673267326732
82.0 951.2871287128713
82.0 1121.3069306930693
82.0 904.4950495049505
82.0 1172.0594059405942
82.0 1225.9405940594058
82.0 878.3762376237623
82.0 940.3267326732673
82.0 930.5247524752475
82.0 746.3663366336634
82.0 914.2574257425742
82.0 968.2277227722773
82.0 889.0792079207921
82.0 873.4455445544554
82.0 575.0792079207921
82.0 706.9702970297029
82.0 1036.079207920792
82.0 621.3663366336634
82.0 916.6039603960396
82.0 720.4257425742575
82.0 680.5841584158416
82.0 582.940594059406
82.0 648.5049504950495
82.0 410.980198019802
82.0 914.9207920792079
82.0 1318.1782178217823
82.0 1198.5346534653465
82.0 831.2574257425742
82.0 1176.4554455445545
82.0 754.7128712871287
82.0 823.3366336633663
82.0 523.6633663366337
82.0 878.5544554455446
82.0 895.1089108910891
82.0 832.7722772277227
82.0 789.2475247524752
82.0 763.7227722772277
82.0 866.9306930693069
82.0 681.1485148514852
82.0 637.7524752475248
82.0 970.980198019802
82.0 763.3069306930693
82.0 492.43564356435644
82.0 619.3663366336634
82.0 1031.2772277227723
82.0 821.7524752475248
82.0 857.3465346534654
82.0 972.2574257425742
82.0 906.4356435643564
82.0 1084.039603960396
82.0 894.3267326732673
82.0 1048.1782178217823
82.0 991.6930693069307
82.0 895.3663366336634
82.0 1125.2079207920792
82.0 816.039603960396
82.0 879.4950495049505
82.0 893.7326732673267
82.0 948.4257425742575
82.0 767.9702970297029
82.0 914.1287128712871
82.0 832.6435643564356
82.0 589.1683168316831
82.0 697.6930693069307
82.0 811.1089108910891
82.0 839.1782178217821
82.0 810.1980198019802
82.0 798.9009900990098
82.0 920.4356435643564
82.0 1064.009900990099
82.0 1022.4752475247525
82.0 1274.3069306930693
82.0 1192.2376237623762
82.0 1103.1782178217823
82.0 1100.049504950495
82.0 840.2079207920792
82.0 893.2970297029703
82.0 740.1188118811881
82.0 647.7029702970297
82.0 796.7029702970297
82.0 720.9207920792079
82.0 1143.960396039604
82.0 734.7623762376238
82.0 743.1089108910891
82.0 868.8910891089109
82.0 706.1287128712871
82.0 829.5841584158416
82.0 914.2376237623762
82.0 750.3861386138614
82.0 1119.990099009901
82.0 1053.4158415841584
82.0 928.3366336633663
82.0 953.3564356435644
82.0 870.5742574257425
82.0 793.1584158415842
82.0 930.8316831683169
82.0 768.8514851485148
82.0 1025.6237623762377
82.0 942.6138613861386
82.0 934.4554455445544
82.0 691.049504950495
82.0 909.8316831683169
82.0 1012.5049504950495
82.0 1180.2772277227723
82.0 614.4653465346535
82.0 907.2376237623762
82.0 869.940594059406
82.0 790.1683168316831
82.0 720.2475247524752
82.0 693.2871287128713
82.0 659.8019801980198
82.0 776.2970297029703
82.0 797.6237623762377
82.0 1010.5841584158416
82.0 1060.6138613861385
82.0 992.7425742574258
82.0 780.1980198019802
82.0 982.5544554455446
82.0 1121.5247524752476
82.0 865.5940594059406
82.0 699.950495049505
82.0 857.960396039604
82.0 872.0297029702971
82.0 945.8217821782179
82.0 1067.6237623762377
82.0 897.4554455445544
82.0 879.3960396039604
82.0 1101.118811881188
82.0 976.2772277227723
82.0 1104.9108910891089
82.0 1113.9405940594058
82.0 828.1485148514852
82.0 1057.6633663366338
82.0 1078.6237623762377
82.0 908.9702970297029
82.0 604.8118811881188
82.0 742.5346534653465
82.0 897.6930693069307
82.0 506.56435643564356
82.0 501.43564356435644
82.0 668.1287128712871
82.0 581.5742574257425
82.0 733.6831683168317
82.0 1016.1584158415842
82.0 849.4851485148515
82.0 800.6534653465346
82.0 973.1584158415842
82.0 1240.8316831683169
82.0 1288.2376237623762
82.0 862.039603960396
82.0 1183.6732673267327
82.0 899.8712871287129
