6.984215672579969E-4 3.8160535230625207E-4
8.971828458639872E-4 4.39778564566628E-4
8.971828458639872E-4 4.902934357830454E-4
8.971828458639872E-4 5.389053193284795E-4
8.971828458639872E-4 5.980749181174704E-4
0.0010460251046025104 6.29172104765464E-4
0.001512401693889897 7.071780081913372E-4
0.001512401693889897 7.530367304388875E-4
0.0018698578908002994 8.450608887021502E-4
0.0018698578908002994 8.756513016218355E-4
0.0018698578908002994 9.188846881217375E-4
0.0018698578908002994 0.0010445244354202554
0.0018698578908002994 0.0010813831583603123
0.001876876876876877 0.0011975410558950211
0.0019723865877712033 0.0012389666719317281
0.0023073373327180437 0.0012603538242816818
0.0023073373327180437 0.0012717907604468145
0.0023073373327180437 0.0012778001333631156
0.004484304932735426 0.0013038380719466022
0.004484304932735426 0.0013106706612842414
0.004484304932735426 0.001476260938263902
0.004484304932735426 0.0015675191434868514
0.004484304932735426 0.0017805543573704
0.004484304932735426 0.0020714967961244423
0.004484304932735426 0.002193052039271492
0.004484304932735426 0.002398324948170918
0.004484304932735426 0.0024133679184223816
0.004484304932735426 0.0027640872061281754
0.004484304932735426 0.0029369103596406628
0.004484304932735426 0.0029477143399344375
0.004892367906066536 0.003084635268206991
0.004892367906066536 0.0027956836335359305
0.004892367906066536 0.002968799159368478
0.004892367906066536 0.0030467989618632916
0.004892367906066536 0.003524995288343522
0.004892367906066536 0.0035750630757183854
0.005192107995846314 0.0036779108516484704
0.005192107995846314 0.003277995026757559
0.005192107995846314 0.003505430798218685
0.005405405405405406 0.0036029975775186927
0.007235890014471781 0.0036850167417218976
0.007235890014471781 0.0035139626682149355
0.007235890014471781 0.003603605846283536
0.007235890014471781 0.003946540917135379
0.007235890014471781 0.004121960246352934
0.007235890014471781 0.004473389728978781
0.007235890014471781 0.0044945562689035065
0.007235890014471781 0.005343275990484113
0.007235890014471781 0.005716084061276842
0.007235890014471781 0.005902622319933867
0.007235890014471781 0.006028482149844761
0.007235890014471781 0.005832691783168281
0.007235890014471781 0.0056094385831524035
0.007235890014471781 0.005354907863798354
0.007235890014471781 0.0054591736096306865
0.007235890014471781 0.005673751349608132
0.007235890014471781 0.005957529498266955
0.007235890014471781 0.006232612869651349
0.007235890014471781 0.00583690265734522
0.007235890014471781 0.005686494174924792
0.007235890014471781 0.005733587227951563
0.007235890014471781 0.0060958086167081545
0.007235890014471781 0.006303198625298404
0.008532423208191127 0.005604317736161671
0.008532423208191127 0.005417953911870015
0.008532423208191127 0.005905339037273284
0.008532423208191127 0.005263732435078956
0.008532423208191127 0.004674996510326423
0.008532423208191127 0.004866476873254076
0.008532423208191127 0.005602271748641942
0.008532423208191127 0.0061732115287741396
0.008532423208191127 0.006812731915014644
0.008532423208191127 0.006569950590277643
0.008532423208191127 0.007163258360901037
0.008532423208191127 0.007209510279911937
0.009057971014492754 0.0066342509102983276
0.009057971014492754 0.006437137326684766
0.009057971014492754 0.006171596502650539
0.010822510822510822 0.005918714687715513
0.010822510822510822 0.005290596323028861
0.011111111111111112 0.005939542078218426
0.011111111111111112 0.00583643466746688
0.011111111111111112 0.006245035799049967
0.011111111111111112 0.006520994550624481
0.011111111111111112 0.0058341049051556845
0.011111111111111112 0.006788150599785461
0.013440860215053762 0.00711189529375901
0.013440860215053762 0.008481225739625129
0.013440860215053762 0.008003477460201419
0.013440860215053762 0.008639736294548032
0.013550135501355014 0.008855421145276132
0.013550135501355014 0.008592729891583977
0.013550135501355014 0.008927587273398036
0.013550135501355014 0.009453192116325513
0.013550135501355014 0.010760268992845221
0.013550135501355014 0.010374217682942253
0.013550135501355014 0.008761089851794948
0.013550135501355014 0.008485674811832359
0.013550135501355014 0.007310457135952426
0.013550135501355014 0.007255247447697103
0.013550135501355014 0.008833818399592271
0.013550135501355014 0.009869357213883299
0.013550135501355014 0.009827511867878128
0.013550135501355014 0.010657544003060597
0.013550135501355014 0.010937810558924019
0.013550135501355014 0.011300091295096498
0.013550135501355014 0.010527005099910678
0.013550135501355014 0.010367889792221485
0.013550135501355014 0.010410737161430905
0.013550135501355014 0.010285470260355974
0.013550135501355014 0.009764101008444121
0.013550135501355014 0.010049029744232081
0.013550135501355014 0.009993980732228442
0.013550135501355014 0.010072425628824242
0.013550135501355014 0.009283432008600817
0.013550135501355014 0.009619705089176454
0.013550135501355014 0.00903279753251596
0.013550135501355014 0.009619006863986406
0.013550135501355014 0.00949393471967456
0.013550135501355014 0.009501689805147217
0.013550135501355014 0.009544530184212795
0.013550135501355014 0.009404430028973385
0.013550135501355014 0.009161761915956405
0.013550135501355014 0.009925599297452539
0.013550135501355014 0.00942837973616294
0.013550135501355014 0.010315951170368376
0.013550135501355014 0.009497440782808213
0.013550135501355014 0.009237521972698816
0.013550135501355014 0.00949346386893894
0.013550135501355014 0.009604984176828372
0.013550135501355014 0.010547514144669493
0.013550135501355014 0.01116769641341663
0.013550135501355014 0.010740928961855212
0.013550135501355014 0.010259314288406231
0.013550135501355014 0.009673102538843991
0.013550135501355014 0.009774833722980315
0.013550135501355014 0.010472977125047559
0.013550135501355014 0.009787175203143
0.013550135501355014 0.010659463774732602
0.013550135501355014 0.010429501127685656
0.013550135501355014 0.009747065359647126
0.013550135501355014 0.009222379428572082
0.013550135501355014 0.00960390312667207
0.013550135501355014 0.009841033243978371
0.013550135501355014 0.00932557472049506
0.013550135501355014 0.009355289248275677
0.013550135501355014 0.009493143475568937
0.013550135501355014 0.009771702663209716
0.016339869281045753 0.010077645347917639
0.016339869281045753 0.009119592761732747
0.016339869281045753 0.010849130014228605
0.016339869281045753 0.010381109999387454
0.016339869281045753 0.010386811080746544
0.016339869281045753 0.01040398973137319
0.016339869281045753 0.011205488672769227
0.016339869281045753 0.011543006253443497
0.017123287671232876 0.012817294187926199
0.017123287671232876 0.013488889083008776
0.017123287671232876 0.01117884212232551
0.017123287671232876 0.01147199910850157
0.017123287671232876 0.01093934969747768
0.017123287671232876 0.010623169334899747
0.017123287671232876 0.010238048491317323
0.017123287671232876 0.010238049970192604
0.017123287671232876 0.011618140325205214
0.017123287671232876 0.010921972466981046
0.017123287671232876 0.011356282812197952
0.017123287671232876 0.011499174006768675
0.017123287671232876 0.013315988119717622
0.017123287671232876 0.012337366429583075
0.017123287671232876 0.011721311537362401
0.017123287671232876 0.013723007409236865
0.017123287671232876 0.012942329410359613
0.017123287671232876 0.012855414325497312
0.017123287671232876 0.011287554374128666
0.017123287671232876 0.012086368536664688
0.017123287671232876 0.011239111410523523
0.017123287671232876 0.0106838787792602
0.017123287671232876 0.009659441395969458
0.017123287671232876 0.012026568935096162
0.017123287671232876 0.014088277573536041
0.017123287671232876 0.011895545103892572
0.017123287671232876 0.011588930025303269
0.017123287671232876 0.01158266365040242
0.017123287671232876 0.013347445118457901
0.017123287671232876 0.014339227818079156
0.017123287671232876 0.013856191411620422
0.017123287671232876 0.012487676243241656
0.017123287671232876 0.013457391155991014
0.017123287671232876 0.013332134696640161
0.017123287671232876 0.012971581131606697
0.017123287671232876 0.012732474015590101
0.017123287671232876 0.012739263145466567
0.017123287671232876 0.011636254990632488
0.017123287671232876 0.01001562995901481
0.017123287671232876 0.009572197181693548
0.017123287671232876 0.010256742933708936
0.017123287671232876 0.013642246921217358
0.017123287671232876 0.012612035513608351
0.017123287671232876 0.012541375926549874
0.017123287671232876 0.01308238877846856
0.017123287671232876 0.012741846915675767
0.017123287671232876 0.011681967879688629
0.017123287671232876 0.012523181693661855
0.017123287671232876 0.013876852677114406
0.017123287671232876 0.0121143801349583
0.017123287671232876 0.012571599053181538
0.019083969465648856 0.012294795702968219
0.019083969465648856 0.01350387972667069
0.019083969465648856 0.012428179353423122
0.019083969465648856 0.012489572452712061
0.019083969465648856 0.011754696812248595
0.019083969465648856 0.010709449631011985
0.019083969465648856 0.010428524036419588
0.019083969465648856 0.01012466729628348
0.019083969465648856 0.012149258903483664
0.019083969465648856 0.013630268629951337
0.019083969465648856 0.013448448887768081
0.019083969465648856 0.013365024092226455
0.019083969465648856 0.013385210365867622
0.019083969465648856 0.013639731766574714
0.019083969465648856 0.01569236106567499
0.019083969465648856 0.014611752062736872
0.019083969465648856 0.01347361525532816
0.019083969465648856 0.014841992148551192
0.019083969465648856 0.014916850949309775
0.019083969465648856 0.013994680140955526
0.019083969465648856 0.01311179538257449
0.019083969465648856 0.012654654033291454
0.019083969465648856 0.013246673662991442
0.019083969465648856 0.013202361350810914
0.019083969465648856 0.014002292972535366
0.019083969465648856 0.013791794078605776
0.019083969465648856 0.01443314663304937
0.019083969465648856 0.015698535551465827
0.019083969465648856 0.01626415064010973
0.019157088122605363 0.01527428595182601
0.019157088122605363 0.01345081854902352
0.019157088122605363 0.012886761539156447
0.019157088122605363 0.01323474522627448
0.019157088122605363 0.012577757528762282
0.019157088122605363 0.013722930414906086
0.019157088122605363 0.012697034299065959
0.019157088122605363 0.011722703182842078
0.019157088122605363 0.013037334007627618
0.019157088122605363 0.014105841404125635
0.019157088122605363 0.013796332234482771
0.019157088122605363 0.013678778633755889
0.019157088122605363 0.01214604494344967
0.019157088122605363 0.011005359696584087
0.019157088122605363 0.010371419676445169
0.019157088122605363 0.01329959046455088
0.019157088122605363 0.013412137837144721
0.019157088122605363 0.012139359229412726
0.019157088122605363 0.012778500122310391
0.019157088122605363 0.014334648711643303
0.019157088122605363 0.014405279665889946
0.019157088122605363 0.015551460525110672
0.019157088122605363 0.016077525506990493
0.019157088122605363 0.015998788933187715
0.019157088122605363 0.0145799072102731
0.019157088122605363 0.014847506498476784
0.019157088122605363 0.014242377454938
0.019157088122605363 0.013830458942891161
0.019157088122605363 0.013343253934778554
0.0211864406779661 0.014249933947320033
0.0211864406779661 0.014206170752621473
0.0211864406779661 0.014622763591058205
0.0211864406779661 0.015092049640025008
0.0211864406779661 0.016076043791232463
0.0211864406779661 0.016197275796018876
0.0211864406779661 0.01594028513529383
0.0211864406779661 0.014582811393461568
0.0211864406779661 0.01630493171715882
0.0211864406779661 0.017490876183507066
0.0211864406779661 0.01695574479365034
0.0211864406779661 0.014752343780092022
0.0211864406779661 0.016713262010177563
0.0211864406779661 0.014739133832481535
0.0211864406779661 0.015761944140471874
0.0211864406779661 0.01576523212433373
0.0211864406779661 0.015827267660939136
0.02127659574468085 0.016493058124856023
0.02127659574468085 0.015973773753392016
0.02127659574468085 0.016164043531837227
0.02127659574468085 0.016016657845622378
0.02127659574468085 0.016434983736651074
0.02127659574468085 0.015186570245741198
0.02127659574468085 0.014381197585987883
0.02127659574468085 0.013485674185542845
0.02127659574468085 0.01329465738763822
0.02127659574468085 0.01278721708097229
0.02127659574468085 0.013955485236960151
0.02127659574468085 0.016580762235938743
0.02127659574468085 0.016868126734635617
0.02127659574468085 0.01650785162347348
0.02127659574468085 0.015518419872495385
0.02127659574468085 0.014716986424574228
0.02127659574468085 0.016007759260475655
0.02127659574468085 0.016807624529253575
0.02127659574468085 0.016074181659381077
0.02127659574468085 0.015955113659116255
0.02127659574468085 0.017083557397853222
0.02127659574468085 0.015461889914988002
0.02127659574468085 0.015592737942601026
0.02127659574468085 0.01564687035033465
0.02127659574468085 0.017649907601667736
0.02127659574468085 0.016444090413413492
0.02127659574468085 0.016748910969661596
0.02127659574468085 0.01613001548394157
0.02127659574468085 0.014990374152935517
0.02127659574468085 0.013819004995639053
0.02127659574468085 0.01474154638347606
0.02127659574468085 0.015675688305158503
0.02145922746781116 0.016813916377592674
0.02145922746781116 0.015316535039893142
0.02145922746781116 0.015949575329776877
0.02145922746781116 0.015219665192389405
0.02145922746781116 0.017077241310983038
0.02145922746781116 0.018378782458482328
0.02145922746781116 0.016496113904864693
0.02145922746781116 0.015359507261981802
0.02145922746781116 0.017129718641501188
0.02145922746781116 0.016626554906788594
0.02145922746781116 0.015497843298155302
0.02145922746781116 0.014362721069655386
0.02145922746781116 0.014095758659922315
0.02145922746781116 0.015238076776848668
0.02145922746781116 0.013494269054871947
0.02145922746781116 0.013112904280410323
0.02145922746781116 0.014334730423386061
0.02145922746781116 0.015733779063387285
0.02145922746781116 0.01557714069184366
0.02145922746781116 0.013672461446741972
0.02145922746781116 0.01342947916508767
0.02145922746781116 0.014218277914399662
0.02145922746781116 0.014728422971476552
0.02145922746781116 0.015064691851123016
0.02145922746781116 0.015050363116795477
0.02145922746781116 0.014430332434415861
0.02145922746781116 0.01530709219406383
0.02145922746781116 0.015680536167275303
0.02145922746781116 0.01654104337246735
0.02145922746781116 0.017216066823203986
0.02145922746781116 0.018088747850963083
0.02145922746781116 0.014825015321757918
0.02145922746781116 0.01466133790415828
0.02145922746781116 0.014449153195555493
0.02145922746781116 0.014789697336450107
0.02145922746781116 0.013584139577734093
0.02145922746781116 0.013824790777656614
0.02145922746781116 0.01400488119318444
0.02145922746781116 0.01450468349445163
0.02145922746781116 0.014944196175802768
0.02145922746781116 0.014366823272790576
0.02145922746781116 0.015011366253289828
0.02145922746781116 0.014184562393012174
0.02145922746781116 0.016409125252957152
0.02145922746781116 0.015793753775859558
0.02145922746781116 0.01600616149594046
0.02145922746781116 0.015666668440715768
0.02145922746781116 0.01284017304489816
0.02145922746781116 0.014257354388704624
0.02145922746781116 0.0138958086435301
0.02145922746781116 0.014694311606285747
0.02145922746781116 0.016156116095777846
0.02145922746781116 0.016263228335414517
0.02145922746781116 0.015255509157517855
0.02145922746781116 0.014633565042630563
0.02145922746781116 0.015302536048692932
0.02145922746781116 0.01473139292793276
0.02145922746781116 0.014336907713592511
0.02145922746781116 0.013303919312619164
0.02145922746781116 0.012098167315783647
0.02145922746781116 0.012277180873244795
0.02145922746781116 0.013102985276908967
0.02145922746781116 0.014811300686241681
0.02145922746781116 0.015591598510048064
0.02145922746781116 0.017135212678147205
0.02145922746781116 0.01784180647285683
0.02145922746781116 0.016247034079511374
0.02145922746781116 0.016142905374695312
0.02145922746781116 0.016017970938378003
0.02145922746781116 0.016870842970335913
0.02145922746781116 0.016937552145511008
0.02145922746781116 0.01616710040349794
0.02145922746781116 0.014433383220652416
0.02145922746781116 0.013512157414584587
0.02145922746781116 0.013837563189793473
0.02145922746781116 0.012113651218119607
0.02145922746781116 0.013078512834461908
0.02145922746781116 0.013503186468429448
0.02145922746781116 0.014827616265983657
0.02145922746781116 0.013726486433270596
0.02145922746781116 0.01242765552876302
0.02145922746781116 0.013191851619806627
0.02145922746781116 0.013960959890690215
0.02145922746781116 0.015631460947585257
0.02145922746781116 0.014786807214802602
0.02145922746781116 0.013335027773227159
0.02145922746781116 0.01259086113241636
0.02145922746781116 0.012584953642595518
0.02145922746781116 0.012436691858737754
0.02145922746781116 0.012813604928304342
0.02145922746781116 0.011303285879432476
0.02145922746781116 0.012475197983828706
0.02145922746781116 0.011304484586604885
0.02145922746781116 0.012491941984414024
0.02145922746781116 0.011190630309077106
0.02145922746781116 0.014215902513977773
0.02145922746781116 0.013623618383610621
0.02145922746781116 0.014983186022004593
0.02145922746781116 0.013848411760613499
0.02145922746781116 0.014068514816827688
0.02145922746781116 0.01586187330040621
0.02145922746781116 0.015117877530411997
0.02145922746781116 0.015310756300506734
0.02145922746781116 0.015352273445995109
0.02145922746781116 0.014520743461256614
0.02145922746781116 0.015599238223731575
0.02145922746781116 0.016322433034096022
0.02145922746781116 0.01559141716837563
0.02145922746781116 0.015004747294921844
0.02145922746781116 0.015546449481120134
0.02145922746781116 0.014779125481148403
0.02145922746781116 0.014384624662680305
0.02145922746781116 0.015289040867030496
0.02145922746781116 0.013423057669038346
0.02145922746781116 0.014804868479858374
0.02145922746781116 0.014714342809443132
0.02145922746781116 0.014158918411227009
0.02145922746781116 0.014488867425452374
0.02145922746781116 0.015486923331602356
0.02145922746781116 0.01606714284059811
0.02145922746781116 0.015608101687536189
0.02145922746781116 0.01682186695260078
0.02145922746781116 0.016111723619733155
0.02145922746781116 0.017240079039328
0.02145922746781116 0.015793443813543064
0.02145922746781116 0.017268341769487237
0.02145922746781116 0.016542665509073344
0.02145922746781116 0.01734672008125849
0.02145922746781116 0.016686583843667467
0.02145922746781116 0.016084867328083386
0.021739130434782608 0.01634358336590666
0.021739130434782608 0.015679685500571257
0.021739130434782608 0.016392561337155668
0.021739130434782608 0.015033384340102393
0.021739130434782608 0.013267609789145153
0.021739130434782608 0.013170920535239817
0.021739130434782608 0.012473557894894877
0.021739130434782608 0.013170014387380361
0.021739130434782608 0.013333974431711798
0.021739130434782608 0.015373324861483227
0.021739130434782608 0.017464347919362733
0.021739130434782608 0.0166254498031894
0.021739130434782608 0.016346469343795425
0.021739130434782608 0.016235371339343777
0.021739130434782608 0.01649333328352868
0.021739130434782608 0.017676039183810176
0.021739130434782608 0.016844380887138886
0.021739130434782608 0.01615627360980323
0.021739130434782608 0.01599593970183383
0.021739130434782608 0.016079775120302585
0.021739130434782608 0.015033271454418622
0.021739130434782608 0.01456469674226791
0.021739130434782608 0.015308593518725731
0.021739130434782608 0.014962396783583853
0.021739130434782608 0.01655670826607302
0.021739130434782608 0.015478174082414307
0.021739130434782608 0.014959518098719921
0.021739130434782608 0.016730259733278196
0.021739130434782608 0.01649916149778964
0.021739130434782608 0.017000405225876924
0.021739130434782608 0.01800384405222294
0.021739130434782608 0.018019544398494354
0.021739130434782608 0.017318451723300095
0.021739130434782608 0.017023502459859417
0.021739130434782608 0.01780731474329422
0.021739130434782608 0.017483536356169643
0.021739130434782608 0.015176481246328345
0.021739130434782608 0.015735811857163277
0.021739130434782608 0.015694358297451406
0.021739130434782608 0.01523783480733022
0.021739130434782608 0.014826196080643464
0.021739130434782608 0.015475463987549865
0.021739130434782608 0.015976299270845942
0.021739130434782608 0.015141691223250956
0.021739130434782608 0.015653517795643338
0.02183406113537118 0.01519242199146437
0.02183406113537118 0.016391101462141896
0.02183406113537118 0.015285152811600965
0.02183406113537118 0.01684983515672855
0.02183406113537118 0.014569731080494717
0.02183406113537118 0.01421014373704076
0.02183406113537118 0.01649247376080918
0.02183406113537118 0.014526845516517603
0.02183406113537118 0.014759133065797113
0.02183406113537118 0.013103632429090269
0.02183406113537118 0.012248642905214022
0.02183406113537118 0.012893740682682925
0.02183406113537118 0.01409865254334615
0.02183406113537118 0.012092516282202996
0.02183406113537118 0.013309270552958335
0.02183406113537118 0.013525570114070875
0.02183406113537118 0.016305232903852194
0.02183406113537118 0.017230465374486435
0.02183406113537118 0.01736057225537704
0.02183406113537118 0.0176738948891495
0.02183406113537118 0.016372360470873006
0.02183406113537118 0.016638799577995682
0.02183406113537118 0.014628695621661044
0.02183406113537118 0.01581358871066355
0.02183406113537118 0.015779894536249395
0.02183406113537118 0.01721458633634888
0.02183406113537118 0.018149417143740267
0.02183406113537118 0.0167522991212554
0.02183406113537118 0.016592898413141977
0.02183406113537118 0.01639620024650264
0.02183406113537118 0.017200336263061645
0.02183406113537118 0.01599579049431048
0.02183406113537118 0.01603626898530933
0.021929824561403508 0.015620853142046377
0.021929824561403508 0.01677869278071645
0.021929824561403508 0.017351007861505386
0.021929824561403508 0.0154467262345727
0.021929824561403508 0.01490064623416125
0.021929824561403508 0.017377693774543887
0.021929824561403508 0.015845905367447087
0.021929824561403508 0.015497666209424284
0.021929824561403508 0.015862064202005807
0.021929824561403508 0.014277139364924574
0.021929824561403508 0.014261086645997264
0.021929824561403508 0.01666438568431872
0.021929824561403508 0.017769842717688285
0.021929824561403508 0.017461862615277175
0.021929824561403508 0.016211356559665286
0.021929824561403508 0.0168110737975088
0.021929824561403508 0.014952961990255904
0.021929824561403508 0.015130549841867385
0.021929824561403508 0.01511409324229242
0.021929824561403508 0.015330265628743626
0.021929824561403508 0.0159231250615164
0.021929824561403508 0.01724472212900026
0.021929824561403508 0.01615001389352952
0.021929824561403508 0.01533557229299686
0.021929824561403508 0.015877251764691246
0.021929824561403508 0.016238505935692715
0.021929824561403508 0.015254795175202531
0.021929824561403508 0.01666309447739466
0.021929824561403508 0.01604816416404584
0.021929824561403508 0.016715632143462875
0.021929824561403508 0.017682851201056008
0.021929824561403508 0.0164760704286513
0.021929824561403508 0.01438486288755103
0.021929824561403508 0.013549719402451957
0.021929824561403508 0.013483616958631622
0.021929824561403508 0.014991852048992187
0.02512562814070352 0.013888298114171718
0.02512562814070352 0.014448549896338684
0.02512562814070352 0.013647311429005174
0.02512562814070352 0.01503790667544458
0.02512562814070352 0.015201984726366973
0.02512562814070352 0.014119665410979396
0.02512562814070352 0.016408457069130022
0.02512562814070352 0.015872961525135253
0.02512562814070352 0.01564507993251625
0.02512562814070352 0.01751735315333364
0.02512562814070352 0.015885340844088887
0.02512562814070352 0.016566159924286793
0.02512562814070352 0.016287682930067694
0.02512562814070352 0.014964363410986595
0.02512562814070352 0.017018308039923588
0.02512562814070352 0.018446420815538177
0.02512562814070352 0.018752049134099818
0.02512562814070352 0.017309333781480907
0.02512562814070352 0.01706576488720161
0.02512562814070352 0.019428265732793305
0.02512562814070352 0.018936353476295343
0.02512562814070352 0.018992972787341036
0.02512562814070352 0.017626326850918268
0.02512562814070352 0.017052198645829585
0.02512562814070352 0.018860228335284137
0.02512562814070352 0.019740584345984604
0.02512562814070352 0.021272888446967057
0.02512562814070352 0.01816565905266839
0.02512562814070352 0.019243842121071913
0.02512562814070352 0.020000037583257357
0.02512562814070352 0.019517309752107772
0.02512562814070352 0.01607378895927678
0.02512562814070352 0.018885151911791215
0.02512562814070352 0.019264448619179565
0.02512562814070352 0.020325281531015458
0.02512562814070352 0.020178161795656162
0.02512562814070352 0.02109522506439203
0.02512562814070352 0.02009809882247965
0.02512562814070352 0.019677925048914722
0.02512562814070352 0.019015544444667784
0.02512562814070352 0.019321352464003114
0.02512562814070352 0.019349630643577805
0.02512562814070352 0.01864042762441251
0.02512562814070352 0.02031065775466395
0.02512562814070352 0.020254718451593944
0.02512562814070352 0.019252885153656828
0.02512562814070352 0.019342168099315892
0.02512562814070352 0.018591118700778512
0.02512562814070352 0.017582208456567754
0.02512562814070352 0.01743692464807236
0.02512562814070352 0.01877761605114237
0.02512562814070352 0.017541528399281966
0.025380710659898477 0.015363855743056726
0.025380710659898477 0.017219727269062988
0.025380710659898477 0.017583972150960473
0.025380710659898477 0.01792222890724929
0.025380710659898477 0.017459128051926422
0.025380710659898477 0.017311951267539923
0.025380710659898477 0.01862755402837944
0.025380710659898477 0.015006087846714129
0.025380710659898477 0.014012576177735148
0.025380710659898477 0.014892982713332408
0.025380710659898477 0.013954316004858752
0.025380710659898477 0.016283381185534702
0.025380710659898477 0.018342063254317947
0.025380710659898477 0.01493965407359172
0.025380710659898477 0.01625608020424963
0.025380710659898477 0.019725371545340056
0.025380710659898477 0.015858181128498374
0.025380710659898477 0.01687556859400001
0.025380710659898477 0.01848736816985239
0.025380710659898477 0.019434478806956514
0.025380710659898477 0.02026994596449554
0.025380710659898477 0.018663091907724257
0.025380710659898477 0.018021340705431484
0.025380710659898477 0.015919196337623363
0.025380710659898477 0.016699799144388572
0.025380710659898477 0.017667453422242355
0.025380710659898477 0.02028240960936926
0.025380710659898477 0.020593828558595914
0.025380710659898477 0.018782315234909478
0.025380710659898477 0.01857090082384576
0.025380710659898477 0.017945606820448417
0.025380710659898477 0.019585810490018465
0.025380710659898477 0.018714830635486367
0.025380710659898477 0.015607237914922653
0.025380710659898477 0.016733428119708047
0.025380710659898477 0.016394058727519065
0.030303030303030304 0.015633282638795314
0.030303030303030304 0.01850528471512543
0.030303030303030304 0.018680974389468637
0.030303030303030304 0.019915187734038466
0.030303030303030304 0.01891788585795401
0.030303030303030304 0.017562689277376392
0.030303030303030304 0.019222396628875954
0.030303030303030304 0.019704271107603977
0.030303030303030304 0.018850113372269866
0.030303030303030304 0.01900421591789895
0.030303030303030304 0.020545826105646616
0.030303030303030304 0.022530125368919504
0.030303030303030304 0.01986668486421248
0.030303030303030304 0.019828684611940605
0.030303030303030304 0.02163904631466463
0.030303030303030304 0.022632255844395197
0.030303030303030304 0.021076762278084735
0.030303030303030304 0.02293078860262525
0.030303030303030304 0.021965391023181624
0.030303030303030304 0.022117386868711342
0.030303030303030304 0.023483083067061164
0.030303030303030304 0.022476345872711242
0.030303030303030304 0.021780869392452745
0.030303030303030304 0.02423715852551307
0.030303030303030304 0.024044584457752195
0.030303030303030304 0.02250603809269802
0.030303030303030304 0.024665549139640572
0.030303030303030304 0.024197259239372493
0.030303030303030304 0.023211309907881634
0.030303030303030304 0.021612680396167292
0.030303030303030304 0.02279022027897538
0.030303030303030304 0.02275254867102161
0.030303030303030304 0.02383642663134353
0.030303030303030304 0.023090650568074394
0.030303030303030304 0.022695656783013655
0.030303030303030304 0.022148652628234587
0.030303030303030304 0.02326004048468871
0.030303030303030304 0.024200306714559052
0.030303030303030304 0.021552368632123134
0.030303030303030304 0.02296168283850835
0.030303030303030304 0.02311344915225526
0.030303030303030304 0.02235256376750716
0.030303030303030304 0.02279785989571146
0.030303030303030304 0.0202091053331721
0.030303030303030304 0.021233160239522823
0.030303030303030304 0.022024231496903104
0.030303030303030304 0.02114525485195118
0.030303030303030304 0.022100812933941796
0.030303030303030304 0.023508980317231216
0.030303030303030304 0.01976340018376928
0.030303030303030304 0.02100954341375672
0.030303030303030304 0.02211134367265105
0.030303030303030304 0.021400613135406997
0.030303030303030304 0.020157372375438125
0.030303030303030304 0.0223556440137734
0.030303030303030304 0.0219470940327393
0.030303030303030304 0.02378349639026674
0.030303030303030304 0.023401513648791845
0.030303030303030304 0.02490191496115838
0.030303030303030304 0.02235562380935116
0.030303030303030304 0.022658935449798658
0.030303030303030304 0.02143662600324092
0.030303030303030304 0.020853898757194914
0.030303030303030304 0.019313774992291814
0.030303030303030304 0.021401458339164858
0.030303030303030304 0.02409230759086976
0.030303030303030304 0.0226853922504327
0.030303030303030304 0.02373182531136631
0.030303030303030304 0.022767307698586276
0.030303030303030304 0.020018402497540725
0.030303030303030304 0.02140115905850298
0.030303030303030304 0.022174889835373163
0.030303030303030304 0.02360215226759471
0.030303030303030304 0.023714529378945432
0.030303030303030304 0.022357610972742168
0.030303030303030304 0.022909112251421417
0.030303030303030304 0.025099381113146458
0.030303030303030304 0.02438096412707661
0.030303030303030304 0.02283235808625492
0.030303030303030304 0.0217423312806447
0.030303030303030304 0.023783879012809445
0.030303030303030304 0.02313325312491086
0.030303030303030304 0.021899855921204112
0.030303030303030304 0.02390111237624
0.030303030303030304 0.02174860315581695
0.030303030303030304 0.022072735364574648
0.030303030303030304 0.021574358782715145
0.030303030303030304 0.02095376636037149
0.030303030303030304 0.023058566012799035
0.030303030303030304 0.022440090819790294
0.030303030303030304 0.022396343027282183
0.030303030303030304 0.02323388557250258
0.030303030303030304 0.01925807447883827
0.030303030303030304 0.0200965505087298
0.030303030303030304 0.02322640147614007
0.030303030303030304 0.021662670975189962
0.030303030303030304 0.02393146035067508
0.030303030303030304 0.02287446148823467
0.030303030303030304 0.022945491164640872
0.030303030303030304 0.02065856423063023
0.030303030303030304 0.02182375362793378
0.030303030303030304 0.02252844412048702
0.030303030303030304 0.022320619416182276
0.030303030303030304 0.021723537155603496
0.030303030303030304 0.022281566825996614
0.030303030303030304 0.0218047382811218
0.030303030303030304 0.024493768588989884
0.030303030303030304 0.024269755110883615
0.030303030303030304 0.021617212527001783
0.030303030303030304 0.022051412458074408
0.030303030303030304 0.021598814641372022
0.030303030303030304 0.021157089589190516
0.030303030303030304 0.024249289056230038
0.030303030303030304 0.023742678899998683
0.030303030303030304 0.021563466876040365
0.030303030303030304 0.021669761598416687
0.030303030303030304 0.02134670309539167
0.030303030303030304 0.022870878324445683
0.030303030303030304 0.02181310618160387
0.030303030303030304 0.024105907387260414
0.030303030303030304 0.022782027807257764
0.030303030303030304 0.024783456952796355
0.030303030303030304 0.021387126408726163
0.030303030303030304 0.019187073200543747
0.030303030303030304 0.01871240148091827
0.030303030303030304 0.019388963184001237
0.030303030303030304 0.02101386189705451
0.030303030303030304 0.023393122210519535
0.030303030303030304 0.022742917170369206
0.030303030303030304 0.023864557655376567
0.030303030303030304 0.022809502403994434
0.030303030303030304 0.021829789847184984
0.030303030303030304 0.02367906989268608
0.03067484662576687 0.021128039160805617
0.03067484662576687 0.019955826319766116
0.03067484662576687 0.02082730402792913
0.03067484662576687 0.02175632990239585
0.03067484662576687 0.021590015979743228
0.03067484662576687 0.023134998237733156
0.03067484662576687 0.022227651357936702
0.03067484662576687 0.020875516084726813
0.03067484662576687 0.021500860068239293
0.03067484662576687 0.023804056678471575
0.03067484662576687 0.023731169420225115
0.03067484662576687 0.025357272250081893
0.03067484662576687 0.02480436202869359
0.03067484662576687 0.02468544983128641
0.03067484662576687 0.021859824895311145
0.03067484662576687 0.024571978414642762
0.03067484662576687 0.024532353126911904
0.03067484662576687 0.02352847123382004
0.03067484662576687 0.023053260736019716
0.03067484662576687 0.021266362261853616
0.03067484662576687 0.021735956924195964
0.03067484662576687 0.02192648695892336
0.03067484662576687 0.021323332455976694
0.03067484662576687 0.020656740062369557
0.03067484662576687 0.021049258201199513
0.03067484662576687 0.018389748798584786
0.03067484662576687 0.01992745867138658
0.03067484662576687 0.02162341623493111
0.03067484662576687 0.024873555783321136
0.03067484662576687 0.022571185381783914
0.03067484662576687 0.022096540184457135
0.03067484662576687 0.021114248466153042
0.03067484662576687 0.02226402007125771
0.03067484662576687 0.024896206869231722
0.03067484662576687 0.022059138554611665
0.03067484662576687 0.023474437508704975
0.03067484662576687 0.022803510634404583
0.03067484662576687 0.0182490278164443
0.03067484662576687 0.021966786757843644
0.03067484662576687 0.024188372174175268
0.03067484662576687 0.02288921744486246
0.03067484662576687 0.020872599766099065
0.03067484662576687 0.022063750310740957
0.03067484662576687 0.023179132486880156
0.03067484662576687 0.022413105050231984
0.03067484662576687 0.020222844005121112
0.03067484662576687 0.021590050236060837
0.03067484662576687 0.021620487235633784
0.03067484662576687 0.01724373457561081
0.03067484662576687 0.01738380611318271
0.03067484662576687 0.015681739403326202
0.03067484662576687 0.021877310590399428
0.03067484662576687 0.022749891281596282
0.03067484662576687 0.020985615530851938
0.03067484662576687 0.022604751154654292
0.03067484662576687 0.022741657785985348
0.03067484662576687 0.02444601088856466
0.03067484662576687 0.02374197274577198
0.03067484662576687 0.02376946684408181
0.03067484662576687 0.023477880657136175
0.03067484662576687 0.025420026419926443
0.03067484662576687 0.02320262638069223
0.03067484662576687 0.02271400764319556
0.03067484662576687 0.02123253182984893
0.03067484662576687 0.020994529677491953
0.03067484662576687 0.02347135893899008
0.03067484662576687 0.02286517184728817
0.03067484662576687 0.024808202786170897
0.03067484662576687 0.023719456759815395
0.03067484662576687 0.026384645476753035
0.0510204081632653 0.022659602623137667
0.0510204081632653 0.023263711605013383
0.0510204081632653 0.021900029349168425
0.0510204081632653 0.021554666630522825
0.0510204081632653 0.019674993183199208
0.0510204081632653 0.02520818338935589
0.051546391752577324 0.027887945064503677
0.051546391752577324 0.02487766188229383
0.051546391752577324 0.026839176195228544
0.052083333333333336 0.025493026189386585
0.052083333333333336 0.030249473754326732
0.052083333333333336 0.031766556701054084
0.052083333333333336 0.03515527950196636
0.052083333333333336 0.03662859677885455
0.052083333333333336 0.03915196377717505
0.052083333333333336 0.039981731792589764
0.052083333333333336 0.036676696024120596
0.052083333333333336 0.03243508824292482
0.052083333333333336 0.03418197270230459
0.052083333333333336 0.036842108812236124
0.052083333333333336 0.03302393615359692
0.052083333333333336 0.03691454007474133
0.052083333333333336 0.037067883877703836
0.052083333333333336 0.04045965123432656
0.052083333333333336 0.04326261475342687
0.052083333333333336 0.037175335141385636
0.052083333333333336 0.03382460057330398
0.052083333333333336 0.03701335004772232
0.052083333333333336 0.041085613287632744
0.052083333333333336 0.03916215986442565
0.052083333333333336 0.033001094963941914
0.052083333333333336 0.03181513869831411
0.052083333333333336 0.03896570353819071
0.052083333333333336 0.03915290578442476
0.052083333333333336 0.03841943319109586
0.052083333333333336 0.03213606589055109
0.052083333333333336 0.03572861839098331
0.052083333333333336 0.03313469794873434
0.052083333333333336 0.03591170900688414
0.052083333333333336 0.03501471800528683
0.052083333333333336 0.03616393932860952
0.052083333333333336 0.03998736372223706
0.052083333333333336 0.03868460104102912
0.052083333333333336 0.042033048240509636
0.052083333333333336 0.04039068558638315
0.052083333333333336 0.03963741205374302
0.052083333333333336 0.038088202363802205
0.052083333333333336 0.03982976984334457
0.052083333333333336 0.03648064068089264
0.052083333333333336 0.03556959051128857
0.052083333333333336 0.036750987313544134
0.052083333333333336 0.039024486109461014
0.052083333333333336 0.03981568373740746
0.052083333333333336 0.03629487214090732
0.052083333333333336 0.036204085221286625
0.052083333333333336 0.034873394003682244
0.052083333333333336 0.03556676388860064
0.052083333333333336 0.037926143266318726
0.052083333333333336 0.03678680396127154
0.052083333333333336 0.03741094736287628
0.052083333333333336 0.03503380308311822
0.052083333333333336 0.0347569016418795
0.052083333333333336 0.030069381109389948
0.052083333333333336 0.03198517333395231
0.052083333333333336 0.03238908150961518
0.052083333333333336 0.03439481448697612
0.052083333333333336 0.038972378013050514
0.052083333333333336 0.03989728995591643
0.052083333333333336 0.03206524239041456
0.052083333333333336 0.029774063187412714
0.052083333333333336 0.03211500379704033
0.052083333333333336 0.03738460436586158
0.052083333333333336 0.03898890554537948
0.052083333333333336 0.033891988934543225
0.052083333333333336 0.03503963286161109
0.052083333333333336 0.035045830644443686
0.052083333333333336 0.03813941660575628
0.052083333333333336 0.035769375485300764
0.052083333333333336 0.03516029028266936
0.052083333333333336 0.03504458371130977
0.052083333333333336 0.03747725407214887
0.052083333333333336 0.03523075224521326
0.052083333333333336 0.037156580077834726
0.052083333333333336 0.038363494791069236
0.052083333333333336 0.03950821657770784
0.052083333333333336 0.041285789086637395
0.052083333333333336 0.03861463454889326
0.052083333333333336 0.0360921976965468
0.052083333333333336 0.0356641542658885
0.052083333333333336 0.03714207145444892
0.052083333333333336 0.038474232798899714
0.052083333333333336 0.03848352846233703
0.052083333333333336 0.03564676454300793
0.05263157894736842 0.03966162105600318
0.05263157894736842 0.038452304198370785
0.05263157894736842 0.036342936160107156
0.05263157894736842 0.03189544373967662
0.05263157894736842 0.030608218215112594
0.05263157894736842 0.03197677800216995
0.05263157894736842 0.03039794020808929
0.05263157894736842 0.03527605157491093
0.05263157894736842 0.036109415559932884
0.05263157894736842 0.03983700668340568
0.05263157894736842 0.03798998846476087
0.05263157894736842 0.038185230386459885
0.05263157894736842 0.0399260188409137
0.05263157894736842 0.04110237604020052
0.05263157894736842 0.03803093078756133
0.05263157894736842 0.036076316777469995
0.05263157894736842 0.03788805111652215
0.05263157894736842 0.04082932604138012
0.05263157894736842 0.041645265057619396
0.05263157894736842 0.03985963682230777
0.05263157894736842 0.043457755967232135
0.05263157894736842 0.039208771170851885
0.05263157894736842 0.039659699509504445
0.05263157894736842 0.041272657183704285
0.05263157894736842 0.038970789935376775
0.05263157894736842 0.032218220441855
0.05263157894736842 0.03913887978408386
0.05263157894736842 0.040495287557237136
0.05263157894736842 0.04085157537889853
0.05263157894736842 0.04096028398952774
0.05263157894736842 0.03816255219561114
0.05263157894736842 0.04012789583675286
0.05263157894736842 0.038967333407292984
0.05263157894736842 0.04339734413261926
0.05263157894736842 0.03871064405289
0.05263157894736842 0.03914910534645252
0.05263157894736842 0.03892114948924106
0.05263157894736842 0.03386869469644813
0.05263157894736842 0.037735989547593066
0.05263157894736842 0.03332951719785102
0.05263157894736842 0.03814736587893031
0.05263157894736842 0.038958319774261084
0.05263157894736842 0.037497102213858324
0.05263157894736842 0.040044792800540005
0.05263157894736842 0.03917399783595101
0.05263157894736842 0.038544607297013485
0.05263157894736842 0.03906624162179573
0.05263157894736842 0.03568505955556638
0.05263157894736842 0.03566765473647241
0.05263157894736842 0.0348123519475375
0.05263157894736842 0.03098036111488894
0.05263157894736842 0.03250049211934583
0.05263157894736842 0.03447181679790379
0.05263157894736842 0.035722097949934646
0.05263157894736842 0.038234361686081575
0.05263157894736842 0.033378485517376676
0.05263157894736842 0.03884002013858969
0.05263157894736842 0.0392135150423725
